-39.828697
-43.822898
-42.917285
-43.350009
-47.443229
-45.313827
-44.448832
-52.831369
-48.487318
-42.713188
-46.496476
-48.549944
-53.084738
-51.905931
-46.328987
-46.960871
-45.67456
-43.826983
-47.524914
-43.326059
-41.765888
-49.739157
-48.503628
-42.801669
-45.446059
-37.355853
-47.113828
-48.934848
-44.557802
-45.083678
-59.918745
-47.245886
-42.292975
-44.937963
-43.247467
-42.505273
-42.290631
-44.415073
-43.067016
-46.860705
-45.15624
-46.186489
-48.238867
-45.118054
-44.685997
-39.1937
-38.310783
-48.838392
-41.7228
-38.796198
-43.506117
-43.187669
-43.734953
-44.302664
-48.727618
-45.047629
-43.683897
-46.372599
-54.33679
-47.789796
-44.526028
-55.652163
-45.330903
-44.286072
-46.093907
-41.844744
-45.673104
-48.274337
-41.748568
-49.485641
-43.842739
-41.948726
-41.631092
-41.56632
-41.995256
-47.602883
-48.044041
-41.211097
-49.394353
-45.836418
-46.178344
-47.531889
-40.578977
-45.968944
-39.296914
-46.757426
-44.659265
-48.751531
-40.035517
-52.778407
-38.419172
-43.387872
-47.442519
-39.944493
-42.726005
-46.887805
-45.178472
-41.255835
-47.210325
-43.374371
-41.498271
-47.687581
-37.643801
-48.304021
-45.167047
-44.912993
-39.251262
-49.181138
-41.371729
-41.01092
-48.487614
-44.716061
-45.19264
-49.576149
-44.59721
-46.663747
-39.782682
-47.455167
-47.582683
-46.970917
-45.059848
-44.293841
-44.942361
-54.858094
-42.476021
-47.622724
-41.62096
-42.73512
-42.572916
-45.452673
-46.786486
-37.209346
-48.177528
-49.664415
-47.058433
-42.466745
-47.083492
-50.032873
-55.01781
-47.600777
-47.472028
-42.450944
-46.385281
-40.837163
-43.165337
-47.73351
-47.423959
-43.369235
-45.819407
-52.396799
-43.743775
-44.706318
-43.926597
-42.846174
-42.693679
-47.01889
-40.53309
-42.48336
-48.447546
-46.488931
-48.923284
-43.745366
-48.546157
-45.490127
-44.158833
-42.848491
-44.836931
-50.553583
-46.961861
-49.356946
-47.682891
-46.008193
-43.008261
-40.991834
-46.972329
-43.468291
-44.073583
-46.441301
-45.937249
-53.450927
-46.016645
-47.38845
-46.186828
-47.987578
-37.031072
-35.30233
-52.440286
-45.181331
-43.160445
-38.21292
-48.481521
-45.136829
-45.402211
-43.199755
-45.525873
-43.15486
-42.799171
-51.549599
-42.075899
-46.258104
-46.016879
-39.684817
-42.931373
-49.284433
-43.677404
-48.955871
-45.348132
-45.419558
-44.534289
-42.497268
-47.621681
-45.174954
-43.626238
-50.928477
-46.935835
-43.80241
-42.980483
-46.352433
-51.058098
-45.233043
-41.142423
-44.373782
-47.972624
-42.36199
-47.882542
-45.867731
-41.197101
-41.627968
-45.003066
-50.41114
-45.284708
-37.021613
-45.136672
-52.152121
-43.045997
-50.340559
-51.47442
-46.52975
-43.616874
-49.685099
-32.43931
-39.60583
-45.589493
-40.753638
-46.4519
-48.091485
-43.847356
-49.189375
-42.952551
-48.130025
-46.839637
-43.844067
-46.344126
-45.85095
-37.728481
-44.796014
-49.394873
-49.679092
-43.778961
-36.886678
-41.298243
-41.664663
-46.299561
-44.234045
-50.308879
-42.715123
-43.949452
-42.471696
-45.101486
-48.010755
-41.003996
-47.18964
-43.435961
-48.666063
-46.824448
-47.1876
-45.568542
-50.948274
-46.365881
-47.780751
-44.933273
-43.181105
-47.410916
-40.239264
-47.480851
-48.59435
-38.637546
-50.977908
-44.131609
-48.466339
-41.436482
-50.91099
-44.111994
-48.062351
-46.684385
-40.904658
-42.187088
-45.473923
-48.461204
-50.378183
-44.212825
-40.799008
-47.161714
-49.046438
-43.401478
-44.410667
-49.338033
-44.322849
-44.10368
-44.691768
-47.661454
-47.929002
-47.476155
-44.078527
-46.286848
-48.884909
-43.124385
-42.591013
-49.2341
-45.463556
-47.653834
-42.820225
-46.149115
-45.425363
-45.934623
-41.308787
-43.799454
-44.731941
-48.124573
-46.746576
-43.809195
-53.718679
-46.360096
-48.727937
-44.264067
-42.608714
-49.444071
-43.089919
-41.879728
-40.943872
-44.183804
-40.016456
-45.299794
-47.636529
-46.856039
-46.760902
-43.880324
-47.377589
-43.42368
-41.549115
-39.225023
-54.191804
-42.287815
-44.67666
-49.744491
-41.423771
-43.847462
-44.442725
-40.594015
-45.01079
-47.48114
-43.658401
-44.905804
-41.666537
-41.071752
-46.79768
-48.889235
-42.615497
-47.781798
-40.607853
-47.415261
-42.763725
-47.019177
-45.744457
-51.94678
-49.406182
-47.630609
-42.861134
-44.438128
-49.770021
-45.00007
-40.09177
-41.931049
-45.909369
-39.124763
-46.298305
-48.521883
-46.137536
-42.286383
-47.147621
-48.169614
-46.671863
-41.656049
-47.213414
-50.52257
-46.011578
-41.932153
-47.794529
-48.061059
-44.781974
-46.591928
-42.866327
-47.07253
-44.785607
-43.909732
-45.37497
-43.822142
-43.733415
-46.036971
-47.938083
-46.076507
-50.975224
-45.212327
-45.865696
-44.1208
-48.361574
-44.622257
-43.36967
-42.834958
-49.232197
-39.931721
-45.425926
-42.833281
-41.622307
-45.130232
-43.231425
-44.698808
-47.952654
-40.662254
-42.156815
-43.471509
-41.607434
-44.931364
-44.815235
-54.194112
-46.276657
-45.107407
-49.951937
-50.134868
-52.338404
-46.874917
-38.662947
-46.531847
-53.998476
-46.255557
-46.736646
-55.510213
-49.672874
-44.301843
-49.414815
-48.747317
-42.192881
-44.222162
-45.125791
-43.815529
-48.539939
-48.217831
-52.344607
-42.610818
-48.137882
-51.976443
-43.225381
-47.998119
-45.001256
-48.688908
-53.300589
-42.124242
-50.574686
-44.147327
-42.70685
-51.799965
-44.744259
-41.75818
-44.567773
-46.524276
-45.171196
-45.955109
-42.946568
-47.063196
-43.633076
-46.318686
-45.440745
-46.864964
-47.347823
-43.215635
-44.508896
-49.086711
-43.903332
-48.595892
-42.771884
-47.889897
-54.448248
-47.492993
-45.855633
-48.483805
-53.719726
-47.204289
-42.209756
-44.110738
-46.112282
-56.345118
-50.721461
-48.418665
-41.380986
-47.949441
-43.001026
-42.642757
-46.830622
-44.951175
-47.791561
-42.489772
-47.233874
-46.609391
-53.819853
-46.584057
-48.443511
-45.102267
-44.854657
-43.895436
-51.783916
-41.820295
-45.479346
-45.383736
-44.31814
-49.746572
-45.595445
-43.042272
-47.414216
-48.72929
-41.219549
-46.846714
-40.820351
-44.870534
-45.907193
-48.483829
-46.801443
-46.048856
-42.942243
-47.18499
-45.008285
-45.115281
-48.881371
-46.28323
-44.592557
-48.787941
-48.840601
-49.750087
-39.410199
-43.731925
-46.967318
-45.056367
-44.130435
-48.219096
-42.822229
-46.60639
-47.345352
-43.38747
-52.849021
-44.659867
-45.365689
-46.145267
-48.333301
-46.683375
-44.142629
-46.534233
-41.914307
-48.767496
-43.210733
-41.176234
-50.289387
-45.864349
-43.844248
-48.96108
-43.887324
-49.229956
-42.073201
-48.909567
-40.260913
-40.628343
-43.168638
-47.308262
-45.531482
-48.120096
-44.01468
-48.21459
-47.381881
-45.933728
-45.607565
-46.620375
-41.709929
-43.824511
-43.758285
-45.041458
-46.697349
-46.265944
-47.824892
-46.668898
-46.832052
-44.697561
-48.936859
-48.544346
-46.739548
-46.964006
-50.726467
-38.669553
-47.607746
-44.504229
-41.590399
-46.482105
-48.281727
-49.026769
-43.248795
-48.976062
-48.428714
-46.911204
-46.544961
-48.842083
-46.366911
-39.21405
-39.414819
-45.032676
-37.646686
-45.679841
-46.02563
-47.704509
-47.539642
-46.679803
-42.740485
-45.508963
-46.768938
-44.24055
-40.375772
-43.902285
-45.45788
-42.35259
-45.5606
-48.112794
-44.42247
-47.786161
-42.056846
-43.106902
-42.706588
-44.556942
-48.633659
-43.456211
-44.153381
-44.25356
-41.791057
-56.361995
-50.215356
-41.255016
-40.003297
-47.022983
-44.516315
-46.736385
-44.365164
-47.604093
-47.166156
-42.529194
-50.581197
-46.586141
-44.989533
-46.720812
-46.714404
-41.287383
-44.615047
-50.368151
-44.077999
-42.616924
-43.464253
-45.940727
-52.748785
-40.627543
-50.327276
-46.445904
-44.579022
-48.650251
-34.987894
-47.423484
-50.011004
-45.376789
-39.004904
-49.960329
-42.316354
-38.52012
-53.800248
-43.230659
-51.162317
-49.100606
-42.999104
-43.470772
-48.998547
-42.107663
-42.600344
-44.140564
-50.751474
-46.489973
-46.116987
-41.447869
-50.594746
-48.001622
-45.161096
-46.664165
-53.167122
-42.538688
-44.831978
-48.477691
-50.343768
-43.968006
-42.462093
-43.402619
-41.559012
-45.358784
-45.641977
-49.440336
-44.016817
-45.393408
-42.701511
-42.22969
-42.862966
-38.407605
-43.677477
-52.56685
-48.48808
-46.979046
-57.877257
-43.720044
-44.457468
-48.745773
-43.037725
-46.35993
-43.952334
-51.966417
-43.542444
-47.441604
-44.031775
-45.660026
-46.717288
-45.309914
-49.162829
-44.522103
-52.396246
-46.48835
-40.821611
-46.22182
-46.728892
-44.323212
-45.748933
-44.104198
-42.802298
-41.808574
-55.106534
-69.380093
-47.045543
-44.206611
-49.5688
-50.256122
-43.305199
-45.037292
-41.908176
-46.26574
-48.153178
-48.028872
-43.258283
-49.116649
-40.798966
-48.769102
-50.085725
-50.236336
-40.303252
-48.769722
-45.788607
-46.399094
-42.356905
-41.779602
-44.640924
-47.849295
-43.879952
-43.559205
-45.30041
-45.995254
-44.142898
-46.454182
-49.101583
-42.087706
-45.717132
-41.347074
-36.247781
-54.270663
-42.53874
-42.447893
-37.396074
-53.518382
-44.225727
-47.192644
-53.383108
-45.418577
-36.901752
-49.596874
-48.565214
-47.655514
-47.361235
-48.588499
-47.259264
-44.224906
-44.409922
-45.722554
-45.258495
-48.013459
-49.088146
-46.872236
-49.885602
-43.901082
-48.157613
-47.252646
-51.834002
-47.1155
-44.76171
-45.591764
-41.249699
-43.449957
-44.604471
-46.485591
-47.530095
-43.971718
-46.300415
-51.093078
-42.384656
-46.3157
-51.933304
-44.931349
-48.294842
-41.500409
-42.325949
-42.11582
-47.975446
-42.233522
-44.452145
-40.322992
-52.013269
-47.392459
-41.847504
-47.302052
-51.698886
-48.032458
-41.961739
-47.960491
-42.28115
-42.655005
-44.717152
-47.325604
-41.061676
-47.18687
-46.543675
-44.991561
-48.289022
-45.677669
-45.156278
-43.851928
-50.227314
-41.161335
-52.712299
-43.819034
-49.879456
-47.528629
-43.348154
-36.566786
-46.945596
-44.276304
-43.276721
-40.872345
-61.657292
-45.210255
-48.405755
-39.962651
-38.60643
-48.209378
-49.253862
-45.559857
-41.123638
-53.644047
-47.726257
-49.533993
-46.721782
-47.413242
-45.365629
-40.871009
-51.403514
-40.344936
-45.371394
-45.892477
-52.340541
-46.62192
-45.563756
-50.395503
-39.795905
-46.150515
-43.712156
-48.486675
-41.381837
-50.946659
-45.584636
-37.855281
-46.700364
-52.942467
-44.103649
-43.83072
-47.288219
-40.476492
-42.628647
-51.656726
-50.066999
-43.560923
-44.555471
-46.397652
-48.843751
-48.585412
-43.243011
-45.051928
-44.247857
-45.061879
-47.904083
-42.640815
-45.676294
-46.774768
-46.830622
-41.176727
-51.235284
-41.735041
-41.599259
-45.717491
-47.54351
-50.450571
-43.167252
-41.529625
-51.290498
-42.378713
-46.275773
-43.349505
-48.28765
-44.701982
-43.683378
-44.106788
-47.710344
-41.438563
-42.256827
-43.140213
-40.271286
-45.316484
-51.990054
-48.419546
-46.888662
-46.715502
-44.301128
-44.606407
-49.3677
-45.325386
-45.364222
-51.274859
-44.083438
-49.676482
-40.432206
-45.936025
-44.014837
-45.590031
-42.367971
-47.778057
-41.214367
-47.167824
-43.003928
-41.800801
-47.250583
-48.975839
-39.885992
-41.638902
-43.180882
-46.350592
-48.506659
-49.030799
-45.755622
-50.827697
-48.823543
-47.869519
-55.363583
-44.440114
-45.31166
-43.858657
-47.634336
-47.542118
-45.414404
-47.949418
-44.203672
-46.374768
-46.111603
-49.682331
-50.547115
-45.432032
-44.447166
-42.032385
-43.985565
-47.705156
-42.788763
-44.287643
-46.617305
-48.510011
-47.328573
-45.453049
-46.497704
-44.366359
-51.511609
-51.251668
-50.667614
-51.276554
-44.72013
-43.320995
-46.743164
-45.472482
-46.888134
-43.10944
-43.372392
-43.383318
-46.117591
-45.981224
-38.043143
-46.530744
-43.192657
-46.402041
-45.496632
-50.899163
-40.776653
-45.883823
-44.019576
-47.211435
-43.489585
-46.849588
-46.289901
-39.87347
-49.281529
-42.909403
-42.508213
-46.907417
-41.864953
-45.356227
-51.042388
-43.976172
-51.437396
-45.624313
-48.441806
-43.341723
-47.499828
-46.709466
-46.232713
-44.248734
-43.952445
-43.17661
-46.854266
-46.906302
-46.064455
-45.061151
-48.335771
-43.528296
-40.21558
-51.246583
-49.679884
-43.067877
-42.200221
-49.068319
-43.679203
-43.375769
-45.890669
-47.593472
-45.825776
-43.941053
-41.85391
-47.120113
-48.673797
-45.072992
-46.296897
-47.63005
-41.870931
-47.69691
-46.460673
-45.44938
-47.848843
-47.373765
-51.999887
-42.775525
-43.09547
-41.808456
-43.105067
-50.386467
-42.358563
-45.586014
-42.793627
-48.465545
-47.958172
-42.728091
-42.841189
-49.251904
-40.935975
-41.271989
-45.381346
-44.620143
-41.271008
-41.24741
-49.097498
-48.214479
-43.026535
-43.748319
-44.268007
-47.290211
-49.905096
-42.356498
-49.224894
-39.984
-44.365926
-43.80625
-52.211268
-49.772059
-45.658182
-50.293941
-48.587096
-43.465213
-43.136449
-52.238982
-49.220648
-49.422962
-42.328178
-48.356267
-45.876453
-51.279988
-45.674556
-48.049251
-43.610797
-39.60604
-45.713037
-41.554471
-53.059794
-43.330275
-44.692371
-48.449087
-45.939724
-38.709239
-40.694062
-42.681972
-44.744416
-46.606979
-43.494911
-47.900695
-42.471789
-44.97863
-47.338401
-47.428917
-45.376784
-48.35185
-44.872391
-46.928593
-33.490381
-44.822234
-47.211957
-45.372765
-44.383226
-45.929722
-46.626704
-42.297805
-41.216118
-48.109944
-48.756191
-45.472262
-43.199975
-40.80336
-46.07003
-44.64892
-47.885645
-46.543504
-43.926146
-50.273539
-46.434181
-48.786314
-44.223906
-46.866972
-46.26883
-47.562567
-45.959992
-47.869582
-47.450631
-55.711393
-46.245022
-43.289869
-45.377449
-45.74373
-43.720888
-48.597986
-47.094781
-45.050952
-41.781858
-45.744117
-46.509328
-47.085761
-44.397053
-47.901073
-46.345566
-48.159356
-43.043852
-43.214756
-46.57317
-46.276644
-43.896453
-44.695747
-43.825909
-43.382061
-47.971202
-36.769199
-48.487788
-47.876705
-44.442848
-47.871463
-43.521159
-49.396706
-46.800818
-47.474173
-49.453606
-47.289566
-41.369488
-53.300589
-41.953335
-46.376326
-39.198397
-47.326523
-41.272804
-47.996991
-42.38992
-53.020476
-46.093848
-44.494258
-50.804774
-48.155957
-48.761328
-51.414246
-43.496996
-44.882693
-44.323573
-48.343795
-44.351347
-48.660623
-44.126661
-44.616905
-49.515686
-42.99214
-59.543895
-46.306505
-48.687064
-43.561005
-46.323325
-46.786709
-45.227353
-54.946972
-53.385248
-41.236998
-51.097659
-43.985154
-47.782908
-47.715432
-43.53641
-47.616869
-44.31415
-42.912672
-43.830243
-41.722076
-46.665794
-46.556012
-50.331347
-47.836813
-51.20574
-45.630522
-44.357539
-49.241214
-40.677393
-46.252105
-39.371179
-55.105222
-47.501665
-42.52176
-41.440587
-41.530935
-45.607683
-42.551908
-43.201133
-45.766288
-43.134501
-41.747777
-48.873432
-48.798233
-45.716243
-45.333514
-49.709552
-48.706101
-42.769537
-45.248765
-45.193615
-48.760018
-57.835422
-49.58459
-43.877553
-45.568935
-50.083055
-47.054833
-44.20132
-40.453091
-49.729868
-56.247432
-41.452966
-49.538291
-46.026204
-45.804723
-43.649748
-45.226678
-48.673246
-47.225486
-48.173279
-47.313526
-46.903455
-44.583378
-41.992576
-48.560701
-41.908743
-41.870119
-41.098823
-47.375961
-45.761843
-44.852258
-43.615059
-44.68309
-42.624467
-43.049909
-40.701095
-45.295226
-51.731286
-48.019272
-45.565218
-49.996058
-44.460131
-43.521638
-43.961698
-47.894849
-50.559995
-45.393433
-37.449264
-41.222561
-47.776423
-43.844869
-43.356583
-48.655657
-49.932414
-44.670335
-41.645877
-56.839463
-48.903384
-48.241896
-45.423124
-45.515461
-46.655068
-50.247678
-47.470893
-45.277608
-53.31836
-41.592718
-47.68964
-46.939407
-45.561053
-47.718186
-44.279783
-43.63499
-46.229569
-44.206807
-43.211846
-48.274187
-45.921656
-42.2609
-46.999378
-47.470149
-45.210256
-34.330916
-46.027085
-43.707811
-46.632477
-49.907102
-40.060314
-43.14374
-51.852333
-46.728523
-45.303756
-45.491346
-49.488094
-51.543777
-42.977262
-46.652111
-45.26427
-47.616855
-41.958504
-48.794398
-45.552359
-42.55205
-43.158132
-46.053042
-51.265995
-44.925169
-45.216939
-55.709015
-43.270494
-42.396431
-46.836916
-44.795246
-53.634179
-42.287398
-46.173719
-45.466816
-53.524524
-46.427394
-48.568149
-45.539717
-46.742625
-42.97056
-47.23842
-43.089297
-44.186546
-42.757237
-48.911734
-47.92045
-40.216118
-45.621234
-47.797698
-46.170452
-46.687205
-41.537385
-45.973407
-50.321579
-42.473848
-47.217685
-40.856559
-43.108372
-42.755486
-48.604279
-47.146952
-46.955594
-51.090624
-41.561898
-41.448596
-45.556254
-50.315738
-54.195066
-59.928802
-40.788417
-39.686654
-50.851828
-47.876774
-44.754013
-44.781147
-47.516269
-46.425311
-46.412719
-48.716419
-46.346227
-48.679393
-45.632052
-45.941018
-41.199991
-44.13159
-47.099835
-47.93799
-48.247666
-48.079646
-47.027513
-45.884054
-47.46666
-46.940346
-46.025122
-51.345798
-43.729105
-47.633655
-51.82508
-45.665423
-41.829918
-38.289517
-44.627331
-45.472623
-47.737137
-41.909974
-48.828681
-46.278499
-47.664798
-47.389278
-41.883612
-44.752526
-51.310202
-42.71252
-47.919243
-47.224245
-38.401663
-50.448727
-43.690159
-46.674003
-42.299583
-43.684925
-39.526944
-48.8464
-45.976573
-42.920964
-46.00523
-47.96359
-51.586714
-41.316705
-48.904699
-46.323769
-47.561376
-42.716417
-47.91901
-43.098119
-41.440348
-43.509195
-43.734691
-39.99632
-40.103981
-40.252531
-40.990673
-43.249886
-42.276617
-47.694946
-45.522226
-46.398781
-42.05952
-45.199476
-42.787411
-39.373171
-60.754947
-42.496288
-45.513639
-48.14515
-46.416726
-47.44119
-49.758284
-43.213103
-47.510002
-43.873662
-41.902054
-45.134022
-48.309935
-43.116984
-43.669725
-46.689579
-45.502389
-47.886684
-47.218021
-49.714707
-44.086669
-51.008721
-49.69249
-45.517929
-42.911953
-46.656345
-40.679815
-41.579983
-44.846713
-42.639621
-44.908246
-50.852905
-45.402503
-49.776059
-40.481815
-49.169424
-48.228249
-49.885356
-45.804687
-44.23596
-47.424194
-43.281576
-46.307666
-50.037076
-44.105266
-44.130828
-47.58778
-46.011373
-41.779486
-44.642162
-46.987991
-43.542095
-47.391534
-51.003432
-47.977233
-44.572643
-43.887769
-46.234287
-46.059673
-46.786942
-43.283158
-45.128605
-44.329565
-40.421545
-49.928241
-47.434829
-46.719607
-46.042565
-46.290988
-42.720047
-54.858094
-49.890594
-43.646623
-43.642118
-45.122763
-45.0229
-45.002443
-45.294564
-46.963874
-57.243705
-48.646383
-51.780263
-48.401007
-46.830861
-47.345243
-49.061053
-45.079968
-47.604851
-57.060024
-48.206188
-46.258368
-43.216197
-42.189616
-45.669397
-41.902173
-50.545476
-44.795812
-46.099664
-45.856883
-46.017607
-40.905454
-42.635655
-44.170804
-46.030773
-39.622872
-49.715874
-48.408616
-51.284307
-44.309554
-46.959267
-50.664054
-44.998048
-44.195536
-46.554972
-46.457033
-47.115197
-46.22283
-48.086883
-51.098349
-46.191238
-43.691472
-46.692718
-43.218048
-40.754493
-42.400642
-49.715468
-53.403346
-46.973334
-47.348084
-46.342691
-43.975922
-46.444842
-46.124987
-45.410615
-50.312865
-42.521013
-50.880604
-43.945977
-47.880827
-49.041477
-43.471988
-54.942641
-42.168623
-46.303766
-40.68968
-43.995358
-41.213695
-46.215691
-45.420152
-47.735503
-46.839014
-48.855173
-45.631725
-46.414348
-43.029816
-48.787561
-47.325082
-43.60144
-43.529347
-43.344574
-38.609404
-44.736934
-47.28384
-43.57007
-47.516785
-43.202594
-50.907077
-47.55734
-49.234653
-50.39466
-47.843733
-42.22235
-49.743682
-44.460903
-51.424628
-43.541905
-47.618688
-47.424828
-45.58457
-51.129708
-44.330843
-43.962035
-41.777594
-50.713092
-48.775355
-29.193569
-42.328772
-49.295451
-48.413822
-46.882807
-41.591613
-47.419967
-42.930949
-48.825383
-45.69223
-40.260609
-41.827921
-45.973792
-49.586692
-44.225817
-48.62105
-39.780726
-45.539494
-44.494848
-36.408443
-46.775283
-50.829993
-46.088765
-47.156513
-42.427398
-46.030361
-47.902149
-42.582036
-45.109615
-43.768615
-45.854967
-45.437722
-42.799031
-44.447138
-47.151166
-48.920107
-48.039101
-47.80396
-43.724703
-40.947139
-47.548557
-46.398773
-40.76923
-44.552245
-43.129042
-41.644956
-49.781246
-45.710101
-46.808503
-50.824393
-39.534416
-45.59113
-45.306491
-42.938052
-43.129196
-42.31302
-38.953864
-47.54117
-46.304039
-49.853367
-44.988988
-43.016747
-42.1726
-43.02074
-45.876927
-41.831133
-44.320978
-40.753638
-49.569316
-47.616347
-41.50958
-40.783564
-45.431898
-44.600566
-44.599219
-46.574146
-42.478604
-46.49022
-52.599524
-48.53033
-43.870562
-41.393927
-45.813747
-48.313854
-40.918274
-50.270941
-50.767763
-46.78667
-51.011138
-47.806619
-48.818219
-45.409618
-44.842485
-42.313635
-47.131067
-47.601817
-49.393806
-47.27377
-46.897948
-43.643996
-47.757646
-46.010427
-46.672424
-54.192917
-45.314503
-46.082964
-45.953439
-47.388945
-49.74357
-47.915797
-44.992577
-41.759253
-37.832892
-47.420275
-43.352158
-47.533993
-48.871412
-47.826187
-44.684481
-33.961296
-43.096037
-44.807563
-41.50123
-50.004318
-42.296135
-51.2347
-48.46682
-41.291586
-47.17759
-54.740487
-46.203512
-49.115494
-41.681581
-44.068533
-49.063691
-42.628153
-50.03061
-43.248075
-51.051752
-43.86758
-51.243062
-47.232307
-47.340173
-49.987657
-43.126365
-48.606376
-46.568153
-43.054926
-47.329656
-43.125508
-45.029598
-45.469881
-41.740987
-43.679869
-47.567105
-43.858472
-38.577102
-46.485631
-43.189149
-44.695762
-39.667293
-46.684699
-46.303208
-40.265553
-48.154014
-46.530644
-44.778299
-44.570805
-45.459838
-46.533212
-41.533412
-53.643361
-45.081043
-42.910585
-42.70238
-42.619518
-48.269864
-40.129762
-45.291598
-46.029246
-43.537515
-42.820245
-38.923794
-46.456421
-43.783194
-43.864046
-43.32369
-47.52812
-39.229653
-48.238049
-49.478695
-40.67129
-44.128908
-44.533898
-50.886183
-42.481624
-40.892482
-46.027064
-45.832723
-41.558972
-48.384245
-40.559671
-43.12524
-44.133326
-44.606585
-47.608109
-46.666899
-46.539955
-41.876758
-46.036242
-45.512514
-41.14374
-44.576998
-43.28823
-54.940998
-47.034129
-45.00686
-43.25077
-50.850217
-43.465713
-32.470757
-49.805409
-46.783624
-44.227025
-44.349676
-41.097165
-41.461286
-43.494957
-46.591223
-44.764122
-47.097693
-49.783248
-47.706093
-42.13269
-43.723455
-45.109947
-49.510173
-44.151976
-48.678327
-42.456371
-44.690405
-48.585297
-46.431457
-50.470417
-40.281063
-44.552559
-48.809146
-45.886402
-50.335688
-44.29565
-42.759852
-45.655529
-45.127643
-42.048698
-42.890381
-53.432463
-50.256537
-44.972404
-44.517033
-56.891411
-56.165137
-46.272234
-43.490584
-43.995949
-41.762177
-48.283362
-44.606509
-43.873484
-44.52247
-45.254447
-47.787449
-43.532076
-48.341105
-48.488551
-44.667821
-41.994937
-42.968715
-44.843319
-47.392537
-50.671501
-33.724721
-30.539944
-69.377528
-45.995978
-42.331978
-49.149645
-51.199271
-50.351676
-45.611908
-41.05522
-54.273723
-40.892001
-48.481879
-47.589878
-49.267606
-43.502821
-37.388797
-37.593145
-30.95127
-44.466287
-51.132384
-49.290977
-49.806308
-48.267027
-46.473508
-44.28435
-47.535694
-40.429931
-49.902566
-45.765495
-46.142819
-41.38509
-43.737927
-44.668767
-41.285207
-44.226447
-42.654584
-50.989488
-46.610209
-54.060881
-42.771432
-48.722478
-48.589647
-48.62667
-48.499141
-41.737329
-47.311401
-49.269677
-42.185267
-48.567549
-40.085165
-46.712319
-44.071951
-45.619963
-41.971541
-45.01214
-48.618213
-47.373593
-48.467323
-43.145013
-44.625168
-45.476633
-42.797091
-45.381592
-49.312087
-44.812566
-44.231502
-43.6365
-48.086087
-49.257827
-40.367787
-44.235954
-46.106847
-46.399981
-43.62895
-49.10183
-50.876091
-50.527899
-46.29367
-49.556193
-44.015731
-41.675409
-49.637085
-41.636232
-40.839794
-58.576729
-44.171961
-47.898696
-41.592233
-49.004131
-44.399723
-42.956452
-44.275232
-48.448388
-47.552519
-38.12487
-45.323592
-45.737418
-45.428856
-48.606372
-45.060023
-42.400705
-46.551727
-46.115514
-47.175226
-42.778143
-40.007661
-30.884546
-47.576484
-50.597295
-47.744176
-59.805616
-46.771338
-45.757324
-50.341836
-49.089521
-39.363454
-43.862257
-44.164255
-43.814981
-48.485492
-44.807584
-43.916285
-47.649688
-48.807819
-51.405661
-42.582056
-40.397295
-43.543207
-46.931886
-46.396106
-41.0062
-48.249761
-48.412222
-41.653801
-40.647009
-42.278345
-48.976182
-54.539741
-47.410721
-44.923257
-43.960749
-50.240744
-42.366758
-41.983734
-49.584488
-41.468687
-45.011037
-47.140955
-38.915894
-51.076982
-45.434186
-42.864726
-49.662718
-47.276182
-43.548049
-42.560823
-43.221107
-42.81164
-49.200804
-42.20883
-43.299119
-49.058096
-49.083526
-46.158072
-43.855611
-44.760129
-42.923947
-46.102289
-43.557684
-49.001792
-42.44666
-45.746044
-46.040968
-45.083473
-45.11215
-49.782582
-52.240801
-38.888263
-43.260741
-51.47051
-55.566597
-41.64492
-49.354622
-43.722215
-48.720817
-43.703777
-41.852931
-49.526513
-45.790796
-44.961093
-45.539494
-48.791603
-45.79653
-45.437718
-45.518381
-44.292657
-46.819853
-44.864977
-40.66024
-49.559026
-49.928821
-48.867266
-49.139746
-42.706192
-43.415494
-42.914116
-49.393237
-47.712566
-50.432952
-43.712447
-45.414288
-48.523584
-49.295393
-49.276722
-47.215896
-42.967856
-48.530354
-44.787581
-47.961581
-45.666847
-49.45646
-45.114018
-43.803892
-50.50022
-45.069772
-47.814488
-47.23327
-43.419794
-40.591049
-44.689748
-40.368219
-46.948963
-47.701904
-45.579282
-47.477173
-43.467443
-37.128219
-41.846477
-42.611403
-46.597192
-44.004898
-47.695092
-43.869119
-49.738911
-43.76755
-50.184002
-45.161124
-44.462235
-45.637942
-43.342148
-45.302602
-48.387393
-42.957591
-44.813603
-47.691877
-42.835063
-41.912432
-39.855571
-43.967124
-44.521392
-43.886814
-46.180153
-49.926897
-47.900894
-44.35773
-45.745002
-46.69543
-45.220456
-49.62974
-42.897542
-44.757525
-40.827888
-51.032698
-45.084696
-48.085687
-49.479373
-38.302464
-40.694293
-51.07093
-43.561434
-51.201636
-43.696462
-43.262547
-48.157664
-45.816405
-45.690411
-49.503733
-47.935107
-44.586365
-47.40837
-46.051329
-44.309465
-44.795697
-43.862218
-44.932441
-39.794388
-43.484748
-46.641123
-45.876323
-49.157725
-46.146904
-51.61034
-41.850602
-46.061837
-51.503661
-46.389709
-47.26079
-43.158697
-41.616382
-44.743061
-46.507857
-44.189898
-52.16742
-35.691373
-47.0753
-31.832248
-47.094433
-47.344143
-39.262747
-44.273678
-35.376974
-45.949518
-43.531494
-43.354391
-41.969412
-49.01101
-47.521268
-50.102078
-46.11652
-40.387561
-47.250189
-42.043294
-44.048321
-42.627812
-42.18865
-49.589811
-43.462714
-39.739372
-44.060508
-38.721474
-43.51982
-44.887753
-44.934785
-42.815162
-42.818839
-42.314879
-46.346538
-43.029958
-45.489748
-52.82797
-43.767871
-42.730806
-43.363964
-49.423203
-44.980718
-44.167935
-51.949036
-47.563792
-35.667083
-48.124628
-47.515546
-51.534976
-43.089777
-45.693934
-49.588223
-43.490867
-45.435767
-38.309815
-49.394786
-50.989591
-51.233403
-48.594526
-45.397334
-45.341919
-47.931341
-47.572601
-47.858434
-45.619044
-43.389284
-41.514048
-46.679309
-44.144713
-52.44633
-43.95397
-45.791117
-43.618034
-45.584869
-46.340627
-38.655664
-41.990275
-49.476569
-46.04404
-41.907483
-45.999887
-44.886979
-44.312978
-43.863187
-44.55057
-45.795908
-44.429503
-47.723922
-44.864029
-41.444753
-48.481101
-45.050174
-45.794925
-43.38342
-41.65789
-46.846403
-46.740821
-47.801268
-44.162878
-46.297634
-45.737696
-45.997516
-42.819607
-44.903373
-43.968681
-49.027235
-45.491083
-45.082949
-45.566452
-46.660984
-42.5507
-54.86047
-44.6297
-42.457199
-48.321304
-44.784675
-43.85095
-42.172503
-46.100518
-46.537517
-47.481465
-44.934996
-49.34867
-37.67455
-44.052087
-41.425668
-42.998013
-46.293013
-39.624774
-53.072016
-46.301217
-44.422746
-46.155905
-45.621287
-49.762657
-43.44358
-46.825981
-43.524402
-48.950197
-44.50014
-43.586758
-48.859067
-45.647194
-31.236478
-51.009745
-45.274228
-47.529549
-44.183609
-45.988686
-42.230755
-46.533433
-51.004899
-46.539394
-43.434501
-45.987884
-43.873925
-48.973943
-44.252181
-43.855062
-45.19264
-47.657023
-48.252676
-45.047184
-47.618905
-45.470957
-47.795804
-46.272607
-46.385851
-46.510322
-43.50749
-48.375006
-46.770357
-46.509572
-43.187997
-44.207662
-45.072022
-43.688832
-46.541746
-43.82813
-46.050205
-45.053912
-44.067004
-43.762381
-48.420708
-47.114601
-48.541314
-46.10003
-44.886416
-49.295363
-46.586715
-48.480545
-48.514008
-41.726379
-47.935114
-54.722359
-48.076702
-47.850943
-48.183986
-47.822932
-40.956787
-46.572752
-44.254561
-50.482156
-46.579052
-45.56262
-43.583429
-45.239856
-48.482546
-41.825366
-47.251713
-46.824059
-45.353141
-53.537325
-47.842621
-48.953195
-47.958251
-50.738413
-43.652177
-47.399545
-41.89457
-44.877688
-52.142607
-47.536399
-45.874791
-48.203285
-43.739272
-42.353198
-51.233667
-47.593785
-44.968789
-41.18348
-44.203141
-46.283695
-48.713107
-46.352654
-41.961265
-46.748277
-48.925713
-50.980202
-42.068029
-45.515826
-45.631011
-41.102674
-43.153584
-40.797023
-38.474689
-50.075214
-50.275078
-44.000891
-47.685608
-46.026238
-49.860805
-45.526054
-45.973722
-44.737139
-44.492127
-44.745134
-44.066636
-40.080254
-49.300897
-40.870365
-43.215033
-45.72263
-43.668218
-43.388081
-43.31113
-46.174292
-35.801605
-39.843473
-47.010679
-46.132892
-56.911442
-48.469263
-46.289564
-48.569109
-41.812751
-46.158484
-46.281754
-43.648224
-49.861753
-43.13918
-40.917324
-42.67108
-42.580166
-41.726642
-49.067422
-51.829194
-45.560781
-47.867097
-45.225609
-49.10034
-41.958382
-48.506261
-45.408568
-46.328059
-43.819512
-48.676082
-45.539849
-43.773339
-37.535054
-43.186982
-47.121272
-52.23141
-45.759236
-45.797389
-47.837185
-45.5582
-47.333436
-47.929678
-46.606789
-53.871741
-46.565727
-46.435895
-47.028763
-42.404084
-46.778273
-45.140618
-47.683258
-47.830008
-51.228668
-42.60826
-44.740575
-45.602713
-41.332061
-50.662019
-48.952398
-51.635387
-44.835745
-51.251272
-49.020275
-46.172537
-45.755114
-40.961918
-47.425735
-42.024373
-45.904552
-46.465687
-38.634586
-41.748949
-42.86012
-49.596424
-43.376105
-46.212599
-48.936586
-48.787189
-43.351499
-51.293517
-45.934053
-44.697125
-45.906408
-41.383713
-47.553202
-48.701316
-49.558188
-47.304837
-46.467403
-46.920868
-47.439297
-45.618268
-35.507964
-52.625319
-47.083791
-47.244262
-40.858482
-46.027135
-48.230244
-43.624839
-48.611366
-41.525691
-47.866134
-45.144354
-44.046933
-49.07477
-47.344612
-44.805711
-45.481703
-47.055724
-48.478578
-40.068452
-46.863539
-48.639721
-40.861194
-48.211897
-49.755092
-43.524111
-45.714281
-42.333467
-47.546649
-43.647314
-51.475509
-43.846051
-48.067981
-43.916764
-45.835373
-39.810517
-41.797751
-42.243521
-43.357468
-39.580718
-47.289731
-47.519131
-50.940569
-46.239938
-44.155169
-47.544511
-41.541951
-41.859243
-49.709032
-45.53873
-49.72376
-47.832939
-48.941388
-44.042342
-49.321923
-50.867125
-45.234288
-48.057636
-42.376364
-44.544437
-43.187877
-43.117831
-41.265629
-36.073497
-46.224035
-43.981347
-44.093588
-48.819773
-45.026522
-45.663823
-46.303675
-40.745318
-48.574511
-44.03503
-45.511179
-46.756315
-37.523258
-44.029779
-43.098398
-44.556636
-44.242293
-41.696036
-41.561741
-52.154485
-40.812819
-51.938885
-43.981326
-45.621478
-41.700853
-47.70974
-46.356852
-47.885837
-47.757845
-38.464735
-45.06313
-49.409514
-43.254638
-44.048502
-48.853891
-47.491395
-47.676692
-46.691942
-42.267448
-46.714531
-43.196702
-45.112175
-44.972534
-45.468089
-42.479076
-41.199786
-40.481982
-42.286185
-44.989132
-49.310965
-47.900026
-45.426929
-39.713313
-47.857367
-50.510259
-46.315093
-44.810534
-40.141757
-44.459784
-45.527761
-39.332027
-46.941528
-46.159879
-38.166779
-45.638292
-43.867213
-42.130468
-44.815327
-44.856321
-41.782753
-49.434178
-42.559671
-43.99601
-43.710487
-46.419478
-47.074988
-48.274601
-41.668777
-46.980569
-51.472205
-41.56986
-45.866972
-43.016414
-46.275656
-46.150466
-41.369265
-46.564899
-50.795361
-44.406785
-36.10311
-46.045753
-45.724888
-44.872068
-45.071511
-45.67143
-41.995789
-42.320304
-45.708097
-51.254932
-48.641007
-48.376136
-50.340499
-44.72362
-44.906896
-47.006516
-35.389227
-41.561527
-44.114013
-46.650371
-48.49132
-46.709713
-49.032384
-52.818672
-42.956793
-45.696826
-43.586554
-45.249925
-42.33393
-45.858068
-42.535734
-33.357282
-45.730473
-37.583702
-46.396535
-45.635791
-47.836761
-47.426867
-43.516926
-42.952625
-46.362756
-51.276391
-45.199174
-49.491303
-42.725431
-49.150174
-47.155523
-45.079891
-51.544975
-42.995431
-42.928411
-52.196305
-45.911288
-44.547985
-43.813124
-46.478271
-41.882017
-43.234678
-48.613708
-40.475435
-46.938078
-48.314282
-47.725388
-41.44382
-51.324932
-48.395287
-46.618414
-51.580199
-45.174077
-44.624726
-43.596969
-46.095123
-46.229907
-42.864177
-48.133712
-45.240621
-45.752608
-47.069199
-47.016365
-48.872451
-45.997344
-51.258793
-48.384275
-43.888049
-50.234817
-48.443732
-40.885618
-45.069064
-52.075012
-53.73991
-53.949244
-41.847933
-45.551612
-42.165479
-47.439053
-47.14572
-44.374148
-43.134448
-40.374601
-46.829749
-49.162273
-51.181325
-46.401995
-44.158237
-46.651296
-49.046173
-49.311066
-48.084016
-48.956827
-43.6271
-43.850203
-39.919619
-45.383211
-46.486181
-44.265498
-49.603099
-47.702426
-45.468689
-47.090417
-49.751179
-49.950411
-45.167469
-42.001789
-46.227413
-42.029196
-48.586449
-51.05179
-50.698691
-38.329413
-50.159242
-51.350431
-52.198217
-43.276348
-50.993363
-47.630059
-44.04393
-42.516252
-48.817647
-46.481738
-44.259809
-44.768763
-45.175537
-42.697423
-43.227631
-47.617803
-44.923026
-48.396303
-46.171382
-45.823573
-46.108863
-54.192524
-39.009567
-43.211631
-42.944808
-44.976506
-44.150524
-46.731508
-43.705411
-46.44522
-43.16254
-52.791286
-47.516681
-48.10975
-38.975238
-48.502561
-44.938001
-43.867176
-48.985505
-43.512967
-42.158388
-45.017948
-42.73379
-42.49215
-40.597221
-44.988133
-51.225054
-45.466568
-49.181746
-45.240286
-44.365403
-47.578812
-45.005027
-49.598415
-45.714038
-50.666638
-44.319866
-53.770801
-49.64353
-48.341893
-46.263173
-47.694607
-47.055109
-43.520456
-48.229669
-46.624577
-42.088199
-46.585176
-44.072354
-44.285877
-48.902717
-45.69789
-50.494215
-45.226191
-47.991173
-45.745649
-47.605573
-41.160081
-44.406846
-49.796249
-47.446448
-37.483174
-49.009107
-48.313433
-54.040046
-46.507286
-51.199905
-43.780735
-38.622662
-46.857389
-56.103809
-42.25555
-59.501075
-46.853495
-45.044538
-43.969341
-45.694387
-41.951621
-40.658754
-41.459472
-48.798868
-46.448348
-45.65262
-49.986783
-44.349902
-42.385896
-50.039011
-45.906691
-42.317457
-49.538164
-48.854788
-43.858461
-47.206072
-48.961024
-46.187115
-43.736551
-44.548555
-48.099456
-42.659671
-52.104017
-44.705555
-43.417924
-40.588527
-49.455531
-45.60092
-40.780613
-43.579357
-48.218001
-47.074365
-45.362317
-44.055019
-49.474089
-41.153549
-41.518233
-47.277079
-44.044725
-47.144643
-43.639027
-50.068341
-43.05743
-43.433473
-43.001885
-43.805812
-45.289779
-46.984714
-45.883157
-46.269752
-45.53454
-44.986244
-45.604355
-43.789697
-44.466122
-49.174901
-43.656593
-48.542515
-46.778594
-46.003525
-49.700018
-42.933772
-47.131043
-51.060276
-56.625618
-42.883839
-48.017451
-43.097761
-44.997222
-45.302336
-40.542635
-43.764639
-47.575686
-46.074351
-44.15152
-46.286691
-43.557066
-38.996246
-47.443844
-48.787743
-49.853817
-42.571563
-41.712741
-46.406483
-41.543164
-46.994201
-44.700501
-44.289309
-38.378719
-40.455522
-45.711049
-48.19888
-42.832118
-43.298514
-41.764852
-43.767694
-53.075583
-43.532982
-43.601407
-47.002396
-48.107396
-44.598659
-45.028284
-49.669085
-44.973993
-46.751963
-47.770224
-38.047851
-41.978805
-46.832611
-48.692532
-45.22422
-45.377041
-42.862407
-50.593507
-47.502388
-42.02842
-40.922005
-46.627149
-46.277568
-46.488265
-48.99447
-44.954941
-40.03245
-45.106829
-40.437102
-47.135335
-44.833161
-46.979015
-44.001916
-38.564237
-54.147265
-45.34486
-41.506218
-44.159458
-41.833439
-52.496716
-46.218535
-48.323656
-47.078006
-43.914804
-45.323398
-48.075441
-43.891439
-45.762474
-46.321397
-46.297216
-46.076831
-48.481668
-45.027311
-47.283887
-51.565295
-56.257992
-43.084559
-43.254745
-47.670251
-45.936594
-48.893759
-45.502345
-40.669138
-48.401282
-44.634005
-47.933389
-47.855306
-44.542274
-46.286191
-56.880034
-45.556554
-42.506607
-43.80083
-42.393684
-38.539547
-51.001762
-41.86118
-43.748023
-43.987362
-47.73279
-52.679543
-44.807658
-41.525986
-48.14324
-43.874558
-51.114336
-46.630157
-45.301239
-49.747959
-40.923686
-42.682711
-45.697581
-47.276071
-48.422791
-48.596385
-42.04633
-40.850954
-44.507783
-46.666534
-51.970955
-48.338687
-45.674316
-51.26337
-46.487844
-39.091902
-46.531021
-46.494201
-49.303436
-46.417261
-46.913975
-44.057464
-42.393554
-49.658085
-44.9014
-41.808851
-44.982347
-44.869589
-45.016753
-45.227868
-50.204367
-45.863899
-47.304375
-45.996721
-45.236995
-46.524753
-42.894678
-53.075554
-52.874222
-49.392999
-47.951784
-48.484902
-48.04811
-42.984821
-43.771905
-48.444869
-41.002231
-46.387889
-46.711894
-41.303504
-42.666238
-51.166097
-42.498247
-46.800159
-46.979881
-41.201694
-43.036513
-39.359167
-43.404519
-45.648241
-41.840363
-42.87558
-43.300707
-46.826521
-47.278045
-41.573568
-45.561977
-46.327485
-50.334533
-44.857201
-47.443445
-48.974377
-48.255324
-46.450103
-52.145564
-43.194153
-46.611096
-41.292931
-48.379369
-43.329207
-46.768055
-47.621202
-49.460468
-46.239273
-39.928764
-43.151882
-48.884864
-46.245926
-43.159821
-46.741993
-45.366064
-48.543667
-44.16222
-46.599689
-42.704844
-45.282714
-46.360135
-47.046019
-45.786998
-48.509585
-44.561893
-50.508614
-49.085587
-44.315001
-32.795362
-46.235044
-47.987667
-39.248723
-56.023104
-51.047355
-45.526757
-44.386731
-12.22633
-46.712226
-47.295031
-49.980327
-46.488337
-43.69483
-50.182304
-43.922025
-44.927148
-40.673837
-43.029573
-43.804729
-44.866763
-51.879685
-50.760563
-47.268136
-44.753349
-44.835512
-45.917475
-43.628226
-49.955063
-47.039367
-47.325635
-48.904145
-48.046271
-45.190068
-46.653322
-41.328954
-47.594078
-59.583229
-45.773511
-42.362189
-47.094716
-47.389816
-49.102958
-44.200163
-46.658636
-42.190608
-45.491837
-43.999491
-49.646025
-46.023101
-47.093243
-45.905059
-39.442037
-45.987625
-43.148545
-52.597685
-45.341786
-45.972907
-50.157247
-46.410057
-52.960312
-48.336693
-48.942928
-48.569212
-53.485136
-51.47522
-39.29367
-49.309989
-44.131985
-44.001342
-46.816559
-48.657909
-45.274488
-43.813744
-43.292598
-46.474235
-41.479867
-53.66576
-51.086117
-41.790321
-45.530618
-41.208278
-48.226493
-50.521158
-42.330489
-41.869602
-47.66772
-45.160946
-42.663248
-44.341563
-44.857193
-46.223992
-42.431954
-49.114713
-42.76788
-50.599602
-46.884989
-47.739273
-45.814601
-47.838349
-47.585607
-50.28294
-43.618815
-47.134334
-50.673588
-41.539062
-47.899181
-44.152313
-43.479135
-40.087437
-45.494325
-47.867573
-50.108597
-41.110093
-43.711255
-52.139093
-41.728895
-42.740805
-44.050167
-49.804431
-47.193057
-43.944283
-49.611946
-48.33925
-48.313826
-45.204094
-46.098657
-48.721909
-44.013381
-45.786658
-44.248734
-51.181752
-49.830349
-48.177817
-41.127931
-43.88511
-46.206896
-44.977745
-51.482783
-48.023376
-45.097949
-47.114646
-48.805115
-41.041031
-45.774212
-46.028694
-48.929521
-43.791589
-44.9356
-48.478359
-48.883014
-45.124472
-43.040388
-44.917164
-43.159936
-35.63817
-48.375441
-43.314837
-50.06321
-41.420235
-46.636476
-42.393156
-42.567459
-43.223622
-45.731674
-43.812286
-45.231548
-40.880605
-44.474884
-45.911402
-47.892905
-42.291106
-41.34454
-48.458904
-46.831597
-46.240811
-45.029024
-43.888708
-42.501211
-48.825415
-43.024664
-44.790183
-44.953719
-47.199721
-44.662726
-41.215612
-48.354038
-47.257646
-43.440374
-48.481547
-48.475058
-41.602276
-46.39312
-46.520345
-42.914164
-51.40038
-43.471116
-43.320269
-47.051988
-49.223185
-44.364682
-44.208676
-44.754236
-41.753441
-47.802257
-51.798037
-46.43277
-47.77779
-47.855446
-38.890585
-42.737555
-38.444355
-43.449328
-37.642038
-47.320398
-43.531244
-46.458359
-46.307424
-45.677224
-43.339132
-43.416979
-41.321947
-36.553073
-46.306287
-44.190602
-44.283598
-45.51837
-44.547241
-42.911198
-44.26387
-46.105609
-45.157687
-47.300027
-52.241541
-42.200949
-49.11466
-45.587887
-45.978188
-49.621716
-44.41183
-45.500483
-41.675386
-39.832837
-42.656009
-42.960909
-45.859263
-43.416496
-45.48719
-44.296088
-42.9553
-48.617683
-41.719362
-44.945842
-47.90738
-45.263788
-51.167128
-42.203999
-44.947142
-48.485778
-50.628377
-43.127627
-47.085002
-46.796618
-47.463238
-48.484314
-42.182964
-50.259588
-48.012524
-44.987792
-41.686106
-41.363715
-41.48213
-45.35844
-45.581757
-47.308278
-44.780125
-43.763539
-41.618024
-49.006714
-45.539849
-42.664453
-48.426839
-44.840373
-50.918518
-46.031765
-44.296927
-42.87828
-44.128257
-44.280901
-46.274823
-54.18606
-42.55624
-39.71709
-42.600549
-47.672423
-49.407627
-43.93728
-41.536459
-42.987604
-43.840022
-45.170463
-50.33595
-35.807637
-45.672123
-54.825832
-38.523749
-41.532244
-47.118947
-44.287532
-49.567842
-48.166764
-48.908964
-47.596738
-43.045747
-49.083947
-41.483053
-48.831481
-45.46748
-53.654973
-47.554193
-49.237867
-51.407079
-47.988993
-44.147035
-43.15064
-41.590962
-48.103031
-47.575278
-50.693901
-42.710669
-47.555496
-48.583232
-42.940713
-40.153187
-45.072296
-50.249685
-48.815639
-47.367221
-46.374735
-43.852073
-44.086781
-48.487429
-43.187357
-49.46744
-49.032304
-50.309226
-44.54373
-46.1246
-43.549691
-41.30075
-48.647598
-48.264983
-45.749302
-43.091169
-52.470916
-45.230913
-44.464529
-48.970042
-50.092811
-43.992642
-45.832488
-48.777037
-45.746521
-42.590731
-43.961191
-52.000382
-52.348112
-43.392509
-47.001813
-44.29372
-50.536963
-51.85131
-51.456777
-41.908104
-47.539178
-42.872183
-43.790604
-40.466317
-45.236072
-48.881972
-40.675355
-39.952039
-48.822663
-39.588141
-45.17877
-42.736741
-47.514323
-49.870332
-45.978935
-51.744463
-47.322631
-47.507915
-49.366464
-49.377374
-45.428267
-46.533823
-42.887677
-46.934797
-43.478881
-46.636164
-43.62488
-48.489535
-50.978962
-61.528078
-46.514003
-45.757617
-45.190816
-45.765618
-42.284078
-47.346176
-48.343256
-42.569335
-46.991453
-44.773201
-46.127266
-46.650973
-43.944268
-49.46529
-43.594731
-47.392214
-43.099093
-48.362926
-46.028923
-47.805543
-43.934335
-54.793728
-45.139625
-43.644402
-51.138858
-45.651711
-44.686493
-52.168362
-49.158957
-45.048246
-35.193287
-43.099491
-43.835539
-43.151703
-40.66139
-43.895856
-48.487711
-44.245907
-46.981209
-47.93416
-47.936884
-50.497038
-42.421475
-45.657908
-46.559066
-45.084013
-47.203362
-43.726888
-50.985021
-50.240244
-47.030803
-45.015972
-42.093845
-42.127728
-39.920961
-48.185514
-44.788894
-44.813676
-44.251686
-43.267414
-41.751646
-48.88501
-40.635374
-42.810882
-51.20441
-43.26197
-39.008975
-49.661417
-50.370783
-43.224133
-41.871665
-40.130563
-47.796982
-46.190802
-40.507172
-43.258262
-40.399242
-45.270509
-48.322827
-57.086544
-44.668851
-43.511147
-44.816221
-46.315564
-43.933595
-43.998193
-46.234787
-45.516303
-45.463633
-44.577772
-44.840181
-44.491435
-43.383014
-45.893904
-47.936372
-48.782444
-49.457326
-46.199292
-45.987413
-48.838169
-44.497281
-44.782349
-49.783417
-46.424397
-49.493023
-46.839506
-44.327358
-42.909321
-50.673095
-54.212533
-41.413268
-41.914309
-42.970554
-47.356635
-42.868596
-47.830116
-40.382534
-43.938823
-39.646663
-51.97352
-47.044905
-46.728626
-42.612304
-47.502388
-52.41281
-44.807683
-47.702708
-45.59369
-50.178094
-42.231204
-41.617222
-45.726736
-44.619369
-44.826562
-41.396929
-46.982695
-40.317091
-48.39872
-54.177371
-45.114398
-46.49215
-48.038922
-41.67899
-45.90987
-32.160074
-51.582857
-43.840846
-44.799891
-44.743992
-56.067307
-37.733725
-49.12675
-46.054578
-48.399409
-44.259617
-47.443001
-42.027154
-42.965051
-42.005013
-47.746357
-49.021149
-48.015022
-42.709124
-47.038237
-47.886555
-44.249629
-43.991269
-38.30953
-44.113183
-43.514818
-46.359821
-42.901055
-45.652709
-41.05011
-41.039512
-44.280181
-51.162537
-46.953854
-45.847172
-43.234828
-47.865782
-51.654578
-41.091049
-42.972372
-48.293313
-50.076283
-57.123718
-46.696876
-49.318072
-43.741746
-45.423768
-39.473622
-44.703035
-43.123363
-47.583171
-45.277395
-43.002631
-46.342452
-44.967822
-41.633776
-47.794254
-48.486588
-43.885874
-49.349963
-45.364885
-46.282795
-41.393989
-44.466964
-49.394612
-54.943057
-43.473103
-50.366292
-53.308066
-43.744596
-44.459531
-42.763947
-46.718508
-45.026079
-52.290535
-48.558473
-43.344345
-44.367754
-45.59241
-40.245205
-47.701066
-45.453835
-36.446425
-48.054517
-45.758567
-51.364993
-42.783499
-47.374803
-52.144345
-49.285846
-48.661951
-45.272504
-41.528849
-45.288604
-43.582467
-47.23828
-45.242866
-44.631658
-42.334723
-41.690752
-46.753912
-53.046575
-49.316087
-50.159695
-41.759187
-49.679764
-48.009325
-48.880828
-41.672284
-43.603454
-45.801524
-47.14801
-42.724435
-46.759074
-44.580493
-39.433534
-48.003334
-40.867108
-42.087044
-44.534617
-50.754414
-44.471856
-43.469043
-50.616309
-43.768242
-51.014101
-43.550237
-44.984495
-43.790608
-46.516194
-49.956732
-41.957988
-47.054071
-43.632744
-46.807649
-47.5073
-46.878223
-45.856705
-45.540524
-47.930836
-48.113622
-43.377352
-50.937236
-42.448781
-43.977675
-47.700517
-51.46085
-46.038898
-45.070797
-46.120167
-44.894093
-42.518788
-49.555284
-47.218931
-43.009647
-48.923835
-44.078473
-46.603826
-51.981028
-47.236079
-49.271167
-44.649037
-43.918337
-44.843978
-44.34469
-51.520338
-43.945708
-45.397923
-43.661364
-44.193102
-49.979974
-42.642711
-41.783497
-45.177589
-43.99931
-43.753529
-45.561077
-44.657566
-43.173398
-40.450113
-46.848438
-42.163217
-49.522219
-47.553973
-44.802296
-41.707393
-49.510187
-45.768567
-39.953747
-47.695205
-48.961822
-47.080231
-43.403102
-48.804291
-46.119414
-41.953479
-47.347257
-43.98996
-50.652813
-50.297774
-44.594413
-44.176413
-42.284306
-42.473505
-42.563749
-59.835545
-38.479889
-45.777813
-46.972534
-43.006627
-46.786479
-45.831095
-46.03212
-45.476165
-50.39654
-44.01071
-47.427834
-46.502881
-56.892349
-49.110627
-47.212916
-48.839704
-42.088262
-48.030476
-45.294937
-49.722278
-44.24587
-41.974186
-46.153278
-48.678536
-44.096039
-46.013008
-45.713143
-42.079318
-40.933347
-43.425002
-43.513467
-47.12679
-41.607541
-47.617903
-47.10215
-43.730294
-43.993882
-45.007841
-48.711496
-42.380888
-45.092059
-43.584017
-49.36991
-48.485488
-44.797826
-36.038892
-49.127809
-46.403775
-47.362043
-43.077975
-46.357817
-44.721156
-41.206147
-40.89614
-45.464667
-47.881853
-46.406708
-38.03434
-37.988149
-55.919684
-42.683926
-41.975733
-43.705984
-43.217718
-42.464903
-43.126819
-49.088889
-43.408937
-43.484721
-40.773509
-48.456861
-44.327358
-40.711736
-46.188568
-41.63073
-48.406783
-48.236834
-43.82135
-45.609681
-46.496607
-51.707699
-45.0578
-46.131653
-46.233337
-41.314605
-47.502209
-47.217771
-45.866068
-46.463796
-45.90186
-45.597928
-43.553716
-46.872558
-44.476155
-45.868465
-42.426815
-51.709327
-46.898136
-51.247954
-45.897086
-42.662074
-45.556108
-47.809476
-44.415325
-51.01436
-49.397475
-43.786446
-43.600843
-54.189356
-42.622674
-41.917938
-45.732657
-45.462784
-48.585639
-42.03343
-44.295618
-44.85556
-46.381328
-40.65068
-44.107405
-42.628057
-52.714892
-44.831329
-47.102883
-45.38925
-45.508764
-48.448319
-42.784863
-48.822202
-48.667563
-47.656382
-50.171541
-45.617808
-45.015787
-55.533762
-44.07194
-52.275099
-45.707915
-48.353211
-46.141524
-47.644758
-46.886547
-43.095827
-47.022513
-45.364139
-44.342941
-43.486008
-52.169576
-53.206615
-48.242594
-45.74234
-44.511081
-46.71238
-48.348208
-42.645245
-41.772624
-47.056354
-42.545769
-47.782475
-44.821502
-47.394382
-49.498886
-45.740056
-47.4816
-46.326399
-39.012231
-45.168726
-43.407076
-55.107653
-43.079687
-38.304192
-45.389481
-44.048283
-49.203197
-47.35305
-44.847911
-41.678239
-39.427805
-49.344804
-47.874318
-45.612422
-47.103986
-44.085853
-43.209425
-41.099015
-47.550589
-42.109095
-44.997947
-44.260062
-48.314031
-46.107056
-46.766021
-43.479096
-48.554401
-48.707963
-40.833479
-44.195622
-43.876725
-52.656002
-47.214469
-37.288729
-42.929259
-46.872592
-45.240728
-43.483404
-54.492675
-46.091795
-46.522319
-40.60115
-43.756964
-45.885308
-47.611174
-50.408059
-42.014467
-47.529166
-44.61774
-55.320957
-53.699445
-46.002842
-46.614699
-45.677357
-48.684437
-43.352198
-40.031105
-41.501184
-48.834273
-43.320917
-47.641685
-44.682123
-43.080208
-41.427765
-42.279453
-43.307642
-40.757803
-44.796961
-38.174072
-41.993038
-47.710513
-44.870246
-46.016994
-43.042559
-40.474798
-44.231229
-45.916776
-51.599224
-45.898128
-42.231307
-52.215278
-47.90741
-39.940435
-45.324031
-45.448048
-44.813552
-48.132673
-57.621962
-49.040247
-47.463056
-41.873045
-46.990096
-42.372612
-41.84363
-42.038306
-46.593827
-44.359337
-41.658802
-48.488772
-50.613892
-46.276152
-46.513935
-45.522339
-46.254396
-49.011446
-45.066343
-49.509891
-45.552491
-43.963243
-39.485915
-49.339986
-46.864378
-48.676798
-48.38278
-48.073294
-50.528284
-44.250272
-44.425983
-47.0621
-44.833367
-38.628621
-40.193503
-44.252099
-48.954814
-53.508901
-49.512924
-47.294821
-47.432829
-42.817703
-54.193903
-46.509903
-42.471618
-44.846286
-45.526103
-47.682785
-47.57123
-43.278083
-42.517894
-47.6295
-48.898632
-47.732713
-44.301023
-52.434203
-47.360951
-43.128385
-48.159402
-46.689831
-42.90043
-42.441973
-48.950416
-42.452184
-38.119183
-51.192919
-46.093693
-45.855238
-46.286154
-43.12403
-42.47722
-42.460553
-48.91942
-46.452216
-42.149038
-49.723798
-47.878536
-52.099879
-45.319322
-49.419689
-47.43755
-48.197027
-45.415218
-44.694881
-44.022082
-49.163402
-54.186881
-47.975041
-45.879088
-48.071747
-51.22525
-45.959803
-46.193991
-42.606425
-49.030883
-48.151278
-52.314447
-44.533233
-43.13691
-47.887823
-40.047147
-45.85585
-43.136872
-47.538582
-55.781439
-46.358167
-46.458026
-57.582265
-57.301976
-50.765908
-47.883303
-49.039942
-45.922493
-42.873362
-50.200973
-47.441746
-44.503605
-48.128583
-42.779938
-50.190268
-48.285097
-47.101979
-46.13874
-45.289552
-48.477111
-47.211937
-41.202271
-45.270371
-49.073607
-44.351522
-41.402127
-45.509409
-46.475597
-45.127291
-42.942058
-41.35302
-39.811471
-44.951309
-42.063836
-44.302595
-43.632299
-47.582683
-49.985512
-46.047574
-46.588545
-44.273757
-49.189682
-42.181063
-52.606748
-42.85789
-41.868664
-46.424249
-47.778138
-49.26647
-44.211686
-45.871777
-44.209367
-48.268095
-46.994162
-47.159355
-41.902604
-44.067248
-42.95413
-43.262139
-45.211678
-43.210279
-42.211968
-46.383095
-43.993648
-48.429379
-45.539717
-49.404638
-40.446876
-44.346645
-39.128127
-48.485526
-46.457963
-49.040601
-43.594176
-42.022007
-45.910264
-40.667586
-51.732398
-47.129971
-45.508618
-45.777702
-47.494577
-47.337402
-48.85387
-49.34987
-46.904319
-43.881096
-46.537705
-48.175912
-45.205189
-44.701804
-40.931495
-48.224738
-44.694266
-43.994229
-51.736577
-40.053336
-42.064862
-48.180697
-44.959983
-46.578305
-48.645921
-47.185555
-45.531289
-45.826068
-40.791162
-47.073734
-44.507005
-41.850127
-41.723975
-46.971327
-49.159382
-46.08748
-41.379298
-48.461863
-41.738893
-48.674384
-53.122197
-41.193536
-43.852799
-42.573779
-41.316899
-39.822763
-43.425867
-53.280582
-46.531325
-46.588316
-43.218675
-45.564598
-32.731761
-46.629771
-48.514685
-46.728651
-44.152034
-50.980022
-46.442553
-43.50759
-48.031124
-45.17465
-47.270089
-52.202795
-42.674264
-45.084849
-42.589284
-46.392808
-50.081559
-48.849556
-45.990095
-46.095383
-43.748923
-49.308192
-47.499546
-47.934658
-44.992342
-54.185112
-54.237209
-52.26206
-44.055105
-51.765533
-45.786273
-45.647319
-43.506247
-49.946669
-50.022691
-51.804217
-37.551382
-43.682879
-47.993805
-50.594634
-44.68579
-48.201606
-47.541184
-44.580888
-47.76758
-47.182483
-44.079759
-46.902442
-47.51441
-43.689102
-43.875579
-46.685745
-42.655196
-43.63569
-42.528114
-47.531746
-47.541582
-46.196315
-44.529933
-40.515139
-40.343045
-43.722914
-45.631267
-45.694132
-43.243368
-41.47579
-48.492228
-38.249037
-47.925532
-45.305942
-46.09731
-48.290986
-51.474918
-42.806468
-44.178004
-47.174388
-47.436946
-42.775757
-45.293728
-49.187149
-55.09863
-38.556526
-42.888312
-46.578849
-41.450757
-46.673304
-47.974887
-46.823712
-45.258551
-45.210188
-45.857735
-44.291277
-43.609827
-45.625384
-49.297459
-43.521039
-47.280005
-47.908856
-41.536102
-45.614889
-47.518538
-44.177523
-52.660392
-41.474161
-40.267717
-41.923304
-48.632152
-42.796875
-42.163006
-42.158222
-48.648649
-46.572855
-45.328306
-47.880708
-47.27554
-42.065983
-45.487352
-40.926045
-43.147067
-44.241673
-41.661756
-45.428674
-44.085366
-41.929493
-41.314127
-53.477268
-49.546925
-49.935571
-42.90074
-42.06687
-42.896072
-42.721114
-49.200268
-47.53557
-44.140857
-47.046135
-43.828552
-47.935186
-48.796955
-47.399713
-46.954523
-42.87427
-48.299154
-42.85175
-43.194271
-48.578098
-41.643473
-48.006565
-45.697538
-49.540173
-43.763028
-47.827346
-44.070033
-45.743922
-45.241882
-35.812005
-51.656135
-48.981695
-46.911346
-44.761285
-44.097451
-42.214492
-47.620192
-50.109401
-50.60223
-38.087407
-49.497661
-46.90999
-48.209915
-43.893424
-46.907174
-47.149764
-45.511778
-45.175275
-48.896556
-48.102178
-46.966575
-45.263597
-43.361908
-45.454
-47.768669
-43.597182
-45.510746
-47.790366
-49.451404
-45.409609
-53.895386
-43.616559
-46.976246
-57.296274
-47.416753
-45.840719
-43.92177
-47.034752
-46.457172
-49.057838
-45.165243
-41.757829
-44.038248
-43.579051
-46.911475
-49.25183
-40.896241
-46.828199
-43.841761
-43.311331
-44.659102
-40.934225
-48.708803
-52.547748
-45.197002
-46.314353
-47.771291
-39.529549
-50.672076
-46.293541
-45.893644
-45.729947
-44.357534
-50.016043
-45.771341
-47.268499
-44.517883
-46.732036
-42.676107
-43.870456
-49.4964
-44.46806
-45.878785
-44.670955
-43.615097
-50.228267
-55.716837
-48.664953
-49.602231
-45.212532
-48.858683
-37.223263
-46.899529
-48.556215
-48.089387
-39.128174
-47.227735
-53.308066
-54.948297
-48.378992
-44.85181
-45.624377
-47.013865
-44.759831
-48.699049
-45.852495
-43.264011
-45.46474
-43.029958
-43.733149
-45.423442
-45.344466
-52.031626
-47.051977
-48.779142
-46.352529
-49.373975
-46.533343
-41.405421
-39.652837
-46.799893
-50.094058
-41.668768
-47.275105
-43.291547
-41.287201
-47.591012
-47.881363
-43.88887
-44.107847
-48.609653
-47.555275
-47.225132
-47.746648
-44.572896
-46.265319
-45.216761
-50.901184
-47.325763
-47.423959
-46.969505
-41.304118
-47.95751
-43.967651
-47.214086
-45.748293
-44.950659
-41.542861
-49.893233
-49.949362
-51.579513
-50.130017
-49.817375
-47.958188
-43.920319
-44.455618
-46.654219
-43.058297
-50.597496
-45.731994
-42.635321
-39.312263
-46.20039
-50.193089
-47.093065
-46.575834
-43.052487
-46.723259
-49.360271
-51.474566
-45.650013
-49.887301
-51.585745
-49.237418
-43.967393
-46.816694
-40.245838
-47.722875
-44.557218
-39.278475
-44.629317
-49.106968
-49.032181
-51.198245
-44.376431
-46.099973
-50.164305
-46.762917
-44.318917
-43.250927
-42.048251
-45.07538
-49.135477
-42.605647
-42.153838
-45.226747
-50.783432
-46.695884
-46.709648

