-42.314879
-46.551727
-46.286848
-46.673304
-44.073583
-45.587887
-42.888312
-47.428917
-59.928802
-40.627543
-42.400705
-43.006627
-42.654584
-47.704509
-47.857367
-43.83072
-43.320917
-46.856039
-43.656593
-45.794925
-42.192881
-46.496607
-46.496607
-48.461204
-47.38845
-47.732713
-47.996991
-46.980569
-47.114646
-45.934623
-41.039512
-40.776653
-47.054833
-50.340559
-51.07093
-46.721782
-46.357817
-45.216939
-49.709552
-47.576484
-49.162829
-45.330903
-51.424628
-41.097165
-45.274488
-46.365881
-48.585297
-34.330916
-51.635387
-51.635387
-48.252676
-47.277079
-46.709713
-41.213695
-41.05011
-45.65262
-44.34469
-42.441973
-42.930949
-46.029246
-43.995358
-48.313433
-46.651296
-44.795812
-42.130468
-41.202271
-45.563756
-44.176413
-41.56632
-41.870931
-42.818839
-43.123363
-47.555275
-47.618688
-49.996058
-50.134868
-47.618688
-49.996058
-50.134868
-46.903455
-44.349676
-44.835512
-44.886416
-45.239856
-44.989533
-50.886183
-47.276182
-44.292657
-45.081043
-44.698808
-46.053042
-43.952445
-45.22422
-45.551612
-44.126661
-45.85095
-49.503733
-47.218931
-42.400642
-47.712566
-49.114713
-46.696876
-47.797698
-45.677357
-50.321579
-48.673797
-42.890381
-47.706093
-51.235284
-51.254932
-47.44119
-47.325763
-48.828681
-48.183986
-48.017451
-48.59435
-48.444869
-49.646025
-48.650251
-49.158957
-47.974887
-47.572601
-48.304021
-48.153178
-47.876774
-48.699049
-48.973943
-49.409514
-48.406783
-48.348208
-48.236834
-48.823543
-48.855173
-50.022691
-48.942928
-48.664953
-49.157725
-48.309935
-48.086087
-48.684437
-48.786314
-48.289022
-48.606372
-49.046173
-48.443511
-48.588499
-48.934848
-48.604279
-48.554401
-49.281529
-48.822202
-48.574511
-48.420708
-49.097498
-47.653834
-48.722478
-48.506261
-48.107396
-47.855306
-48.051692
-48.542515
-48.255324
-48.881371
-49.354622
-48.281727
-48.503628
-48.226493
-48.594526
-48.549944
-48.911734
-48.354038
-48.375006
-49.12675
-48.99447
-46.048856
-45.60092
-46.863539
-45.344466
-47.211937
-47.622724
-47.257646
-43.758285
-43.469043
-45.755114
-46.389709
-41.371729
-41.371729
-41.371729
-41.371729
-43.38747
-42.28115
-42.73379
-39.782682
-39.71709
-41.436482
-43.054926
-40.421545
-45.277395
-47.700517
-38.655664
-48.713107
-41.34454
-43.561434
-46.663747
-46.396106
-47.18964
-41.528849
-43.167252
-42.501211
-42.662074
-43.63499
-43.626238
-44.529933
-45.637942
-50.249685
-49.72376
-41.50958
-48.062351
-43.583429
-43.624839
-54.448248
-54.948297
-44.022082
-44.85556
-48.314282
-48.314282
-35.667083
-49.3677
-49.491303
-48.873432
-48.804291
-50.340499
-50.559995
-51.042388
-50.980022
-50.593507
-51.129708
-50.193089
-50.721461
-51.132384
-49.738911
-45.053912
-49.356946
-48.475058
-46.234287
-49.159382
-48.902717
-48.499141
-44.866763
-47.531746
-45.114018
-43.516926
-45.669397
-43.993882
-45.397923
-43.991269
-43.822898
-42.60826
-43.108372
-43.375769
-43.258262
-43.609827
-42.471789
-43.262139
-47.101979
-41.84363
-46.972329
-44.953719
-44.950659
-41.638902
-41.644956
-41.64492
-41.645877
-54.86047
-48.485488
-45.795908
-52.818672
-50.851828
-52.660392
-47.113828
-47.289566
-46.277568
-41.658802
-48.314031
-43.449957
-44.357539
-41.561527
-33.357282
-44.716061
-48.361574
-47.434829
-48.962949
-48.032458
-47.975041
-47.824892
-45.470957
-43.99601
-45.453835
-44.72362
-44.152313
-44.856321
-46.872558
-43.867176
-42.276617
-43.852799
-39.810517
-45.007841
-44.066636
-46.276644
-44.887753
-46.381328
-43.993648
-44.67666
-40.80336
-42.334723
-44.03503
-42.998013
-40.80336
-42.334723
-44.03503
-42.998013
-44.615047
-47.881853
-48.787743
-40.918274
-40.141757
-43.38342
-44.105266
-45.813747
-44.068533
-46.825981
-43.618034
-44.322849
-45.9661
-43.618034
-44.322849
-45.9661
-49.26647
-43.644402
-44.954941
-44.093588
-49.241214
-44.615047
-46.689831
-48.443732
-47.480851
-47.55734
-45.890669
-46.714531
-47.616869
-41.292931
-46.425311
-48.904145
-46.816559
-44.16222
-42.079318
-43.689102
-41.590962
-46.52975
-46.531847
-46.537517
-46.530744
-41.932153
-41.447869
-50.011004
-49.422962
-46.457033
-44.810534
-43.744596
-42.957591
-40.432206
-51.090624
-51.586714
-49.69249
-50.510259
-42.715123
-45.301239
-41.332061
-41.931049
-43.490584
-44.013381
-43.80241
-43.873484
-43.753529
-42.287815
-41.812751
-43.490867
-44.659102
-43.511147
-43.902285
-44.079759
-44.542274
-45.011037
-44.802296
-42.284078
-41.709929
-47.554193
-50.698691
-50.094058
-44.784675
-46.766021
-45.72263
-43.736551
-45.181331
-45.125791
-44.927148
-45.410615
-46.306287
-43.873662
-42.793627
-42.952551
-39.534416
-39.363454
-42.627812
-37.355853
-37.728481
-44.556636
-39.529549
-36.901752
-38.444355
-40.060314
-44.072354
-42.757237
-42.516252
-38.479889
-50.366292
-51.543777
-47.641685
-48.595892
-52.16742
-40.481815
-45.211678
-44.813676
-46.366911
-42.55205
-42.489772
-41.871665
-41.719362
-43.786446
-48.678327
-48.929521
-43.642118
-43.6365
-44.323573
-44.997947
-45.973722
-45.112175
-43.042559
-47.782908
-42.616924
-43.862218
-47.782908
-42.616924
-43.862218
-49.257827
-53.385248
-51.47051
-53.819853
-52.748785
-46.766021
-45.72263
-43.736551
-45.181331
-45.125791
-44.927148
-45.410615
-46.306287
-43.873662
-42.793627
-42.952551
-43.6271
-44.050167
-46.030773
-43.88887
-43.683897
-45.418577
-48.085687
-48.130025
-54.186881
-46.884989
-46.107056
-42.317457
-46.839506
-46.743164
-45.531482
-46.1246
-45.941018
-46.350592
-46.579052
-48.794398
-47.28384
-47.443445
-50.343768
-49.796249
-51.008721
-42.278345
-45.048246
-41.992576
-43.159936
-44.782349
-44.280181
-50.977908
-54.212533
-46.232713
-45.435767
-47.949418
-45.883823
-45.494325
-42.612304
-42.05952
-42.775757
-42.81164
-42.977262
-42.862407
-35.807637
-45.226678
-46.979046
-42.087706
-47.900026
-41.47579
-47.607746
-46.831597
-45.757324
-46.115514
-48.985505
-47.373593
-43.289869
-43.903332
-43.341723
-44.001916
-42.313635
-48.838392
-45.115281
-43.12403
-50.368151
-52.791286
-53.122197
 5H30_3
 5H32_3
-45.540524
-47.48114
-47.233874
-48.290986
-48.203285
-50.068341
-49.510359
-43.550237
-43.734953
-42.968715
-43.25077
-45.85585
-43.145013
-42.960909
-46.342452
-49.360271
-46.990096
-46.720315
-47.865782
-45.79653
-46.229569
-43.881096
-42.70238
-43.218675
-43.541905
-49.237867
-45.911288
-45.911288
-52.198217
-50.628377
-41.958382
-42.165479
-43.045747
-41.740987
-42.187088
-42.358563
-42.279453
-42.2609
-42.736741
-43.712447
-41.825366
-42.038306
-41.958382
-42.165479
-43.045747
-41.740987
-42.187088
-42.358563
-42.279453
-42.2609
-42.736741
-43.712447
-41.825366
-42.038306
-48.747317
-43.963243
-43.339132
-42.642711
-43.388081
-43.471116
-44.410667
-43.291547
-44.686493
-47.593785
-48.458904
-48.956827
-48.809146
-43.196702
-38.609404
-45.0578
-47.499546
-45.0229
-45.01214
-49.004131
-48.884864
-43.852073
-45.177589
-39.87347
-42.666238
-42.5507
-44.768763
-46.973334
-44.151976
-49.276722
-47.726257
-42.639621
-50.671501
-49.960329
-45.07538
-48.422791
-39.251262
-43.36967
-46.651296
-44.795812
-42.130468
-41.202271
-45.563756
-44.176413
-41.56632
-41.870931
-42.818839
-43.123363
-46.888662
-45.079891
-41.402127
-44.576998
-43.968006
-56.257992
-54.946972
-55.105222
-56.165137
-44.717152
-45.097949
-45.047184
-46.036971
-46.467403
-47.518538
-47.518538
-46.497704
-44.131985
-49.26647
-37.396074
-40.943872
-49.935571
-46.507857
-45.552491
-45.231548
-44.111994
-41.05522
-43.960749
-44.72362
-44.152313
-44.856321
-46.872558
-43.867176
-44.600566
-45.31166
-44.178004
-44.659265
-44.212825
-45.722554
-41.05522
-41.902604
-41.666537
-40.53309
-40.827888
-41.405421
-43.768242
-41.869602
-45.303756
-42.628057
-43.052487
-48.166764
-48.412222
-54.492675
-52.241541
-52.470916
-55.320957
-55.09863
-52.434203
-52.82797
-46.091795
-49.569316
-36.10311
-47.929678
-45.909369
-45.565218
-43.549691
-43.352158
 6JFH_3
 6JFI_2
-47.214086
-43.62895
-42.075899
-40.839794
-40.990673
-44.810534
-48.267027
-47.055109
-44.701982
-44.695747
-44.72362
-44.152313
-44.856321
-46.872558
-43.867176
-44.72362
-44.152313
-44.856321
-46.872558
-43.867176
-49.349963
-48.655657
-49.110627
-49.285846
-48.96108
-42.868596
-52.41281
-51.707699
-43.091169
-41.142423
-42.832118
-43.091169
-41.142423
-42.832118
-40.783564
-43.330275
-46.898136
-45.032676

