-69.380093,
-69.377528,
-59.928802,
-56.880034,
-55.106534,
-54.948297,
-54.86047,
-54.539741,
-54.448248,
-54.195066,
-54.194112,
-54.193903,
-54.192917,
-54.192524,
-54.191804,
-54.189356,
-54.186881,
-54.18606,
-54.185112,
-54.060881,
-53.819853,
-53.699445,
-53.66576,
-53.537325,
-53.518382,
-53.477268,
-53.385248,
-53.383108,
-53.280582,
-53.122197,
-53.072016,
-53.059794,
-53.020476,
-52.818672,
-52.778407,
-52.748785,
-52.660392,
-52.599524,
-52.597685,
-52.547748,
-52.496716,
-52.44633,
-52.440286,
-52.344607,
-52.238982,
-52.215278,
-52.198217,
-52.16742,
-52.154485,
-52.145564,
-52.075012,
-51.981028,
-51.970955,
-51.938885,
-51.879685,
-51.799965,
-51.765533,
-51.732398,
-51.656726,
-51.656135,
-51.635387,
-51.61034,
-51.549599,
-51.543777,
-51.534976,
-51.511609,
-51.475509,
-51.47051,
-51.424628,
-51.414246,
-51.40038,
-51.364993,
-51.350431,
-51.279988,
-51.276391,
-51.26337,
-51.254932,
-51.251272,
-51.235284,
-51.233667,
-51.233403,
-51.228668,
-51.225054,
-51.20574,
-51.201636,
-51.199905,
-51.199271,
-51.198245,
-51.181325,
-51.167128,
-51.162317,
-51.132384,
-51.129708,
-51.114336,
-51.07093,
-51.042388,
-51.014101,
-51.008721,
-50.993363,
-50.980022,
-50.901184,
-50.886183,
-50.851828,
-50.829993,
-50.795361,
-50.767763,
-50.754414,
-50.751474,
-50.721461,
-50.713092,
-50.698691,
-50.671501,
-50.628377,
-50.597295,
-50.594634,
-50.593507,
-50.581197,
-50.559995,
-50.482156,
-50.432952,
-50.41114,
-50.39654,
-50.378183,
-50.366292,
-50.343768,
-50.341836,
-50.340559,
-50.340499,
-50.321579,
-50.293941,
-50.270941,
-50.249685,
-50.247678,
-50.228267,
-50.193089,
-50.184002,
-50.134868,
-50.108597,
-50.102078,
-50.094058,
-50.092811,
-50.083055,
-50.068341,
-50.066999,
-50.06321,
-50.037076,
-50.03061,
-50.022691,
-50.011004,
-49.996058,
-49.960329,
-49.956732,
-49.951937,
-49.950411,
-49.949362,
-49.946669,
-49.928821,
-49.926897,
-49.887301,
-49.860805,
-49.806308,
-49.804431,
-49.796249,
-49.772059,
-49.770021,
-49.751179,
-49.739157,
-49.738911,
-49.729868,
-49.72376,
-49.722278,
-49.709552,
-49.685099,
-49.679764,
-49.679092,
-49.672874,
-49.646025,
-49.64353,
-49.637085,
-49.603099,
-49.596424,
-49.576149,
-49.5688,
-49.540173,
-49.515686,
-49.510359,
-49.503733,
-49.491303,
-49.476569,
-49.474089,
-49.45646,
-49.422962,
-49.409514,
-49.404638,
-49.394786,
-49.377374,
-49.373975,
-49.36991,
-49.3677,
-49.360271,
-49.356946,
-49.339986,
-49.312087,
-49.310965,
-49.309989,
-49.295451,
-49.281529,
-49.269677,
-49.257827,
-49.241214,
-49.237867,
-49.237418,
-49.2341,
-49.232197,
-49.223185,
-49.220648,
-49.189375,
-49.174901,
-49.169424,
-49.162829,
-49.159382,
-49.158957,
-49.157725,
-49.135477,
-49.12675,
-49.115494,
-49.114713,
-49.102958,
-49.097498,
-49.088146,
-49.07477,
-49.068319,
-49.046173,
-49.021149,
-49.009107,
-49.004131,
-48.99447,
-48.985505,
-48.973943,
-48.962949,
-48.961024,
-48.956827,
-48.954814,
-48.953195,
-48.942928,
-48.936859,
-48.934848,
-48.929521,
-48.923284,
-48.904145,
-48.902717,
-48.880828,
-48.873432,
-48.855173,
-48.853891,
-48.8464,
-48.842083,
-48.838392,
-48.828681,
-48.823543,
-48.822663,
-48.822202,
-48.818219,
-48.809146,
-48.804291,
-48.796955,
-48.794398,
-48.791603,
-48.787743,
-48.786314,
-48.777037,
-48.745773,
-48.722478,
-48.713107,
-48.701316,
-48.699049,
-48.687064,
-48.684437,
-48.678327,
-48.673797,
-48.664953,
-48.657909,
-48.650251,
-48.641007,
-48.613708,
-48.606372,
-48.604279,
-48.596385,
-48.595892,
-48.59435,
-48.588499,
-48.585297,
-48.578098,
-48.574511,
-48.569212,
-48.569109,
-48.565214,
-48.554401,
-48.542515,
-48.53033,
-48.528207,
-48.510011,
-48.506261,
-48.499141,
-48.487318,
-48.485488,
-48.475058,
-48.469263,
-48.466339,
-48.461204,
-48.448388,
-48.448319,
-48.444869,
-48.443732,
-48.443511,
-48.428714,
-48.426839,
-48.420708,
-48.406783,
-48.395287,
-48.361574,
-48.348208,
-48.33925,
-48.336693,
-48.314282,
-48.314031,
-48.313826,
-48.313433,
-48.309935,
-48.304021,
-48.290986,
-48.289022,
-48.28765,
-48.283362,
-48.268095,
-48.255324,
-48.252676,
-48.241896,
-48.236834,
-48.217831,
-48.206188,
-48.203285,
-48.183986,
-48.175912,
-48.169614,
-48.157664,
-48.153178,
-48.14324,
-48.133712,
-48.130025,
-48.124573,
-48.107396,
-48.099456,
-48.086087,
-48.085687,
-48.076702,
-48.062351,
-48.054517,
-48.051692,
-48.049251,
-48.038922,
-48.032458,
-48.031124,
-48.023376,
-48.017451,
-48.013459,
-47.996991,
-47.991173,
-47.988993,
-47.977233,
-47.975041,
-47.974887,
-47.952654,
-47.949418,
-47.929002,
-47.919243,
-47.908856,
-47.904083,
-47.902149,
-47.900695,
-47.900026,
-47.894849,
-47.889897,
-47.881853,
-47.880827,
-47.876774,
-47.867097,
-47.866134,
-47.865782,
-47.857367,
-47.855306,
-47.850943,
-47.849295,
-47.842621,
-47.824892,
-47.805543,
-47.80396,
-47.797698,
-47.795804,
-47.790366,
-47.789796,
-47.782908,
-47.780751,
-47.778057,
-47.77779,
-47.768669,
-47.746648,
-47.737137,
-47.73351,
-47.732713,
-47.725388,
-47.712566,
-47.710513,
-47.70974,
-47.706093,
-47.705156,
-47.704509,
-47.700517,
-47.69691,
-47.694946,
-47.68964,
-47.683258,
-47.672423,
-47.664798,
-47.653834,
-47.644758,
-47.641685,
-47.622724,
-47.621681,
-47.620192,
-47.618688,
-47.617903,
-47.616869,
-47.608109,
-47.607746,
-47.600777,
-47.585607,
-47.576484,
-47.572601,
-47.562567,
-47.55734,
-47.555275,
-47.554193,
-47.544511,
-47.535694,
-47.53557,
-47.531746,
-47.530095,
-47.52812,
-47.524914,
-47.521268,
-47.519131,
-47.51441,
-47.5073,
-47.499546,
-47.491395,
-47.491395,
-47.4816,
-47.48114,
-47.480851,
-47.446448,
-47.443844,
-47.443445,
-47.443229,
-47.441604,
-47.44119,
-47.43755,
-47.434829,
-47.428917,
-47.424828,
-47.415261,
-47.414216,
-47.410916,
-47.391534,
-47.389816,
-47.38845,
-47.381881,
-47.373593,
-47.367221,
-47.362043,
-47.361235,
-47.35305,
-47.348084,
-47.344143,
-47.337402,
-47.325763,
-47.313526,
-47.304837,
-47.295031,
-47.289566,
-47.28384,
-47.280005,
-47.277079,
-47.276182,
-47.27554,
-47.27377,
-47.270089,
-47.268499,
-47.257646,
-47.244262,
-47.233874,
-47.218931,
-47.211937,
-47.211435,
-47.210325,
-47.191596,
-47.18964,
-47.18687,
-47.18499,
-47.174388,
-47.161714,
-47.155523,
-47.14801,
-47.14572,
-47.135335,
-47.134334,
-47.131043,
-47.1155,
-47.114646,
-47.113828,
-47.102883,
-47.101979,
-47.094781,
-47.083492,
-47.080231,
-47.073734,
-47.069199,
-47.054833,
-47.046135,
-47.046019,
-47.045543,
-47.044905,
-47.039367,
-47.038237,
-47.034129,
-47.016365,
-46.999378,
-46.994596,
-46.990096,
-46.987991,
-46.980569,
-46.979046,
-46.973334,
-46.972329,
-46.966575,
-46.964006,
-46.963874,
-46.955594,
-46.954523,
-46.948963,
-46.945596,
-46.941528,
-46.939407,
-46.911346,
-46.90999,
-46.907417,
-46.907174,
-46.903455,
-46.884989,
-46.864378,
-46.863539,
-46.856039,
-46.849588,
-46.848438,
-46.839506,
-46.831597,
-46.830622,
-46.830622,
-46.826521,
-46.825981,
-46.823712,
-46.816694,
-46.816559,
-46.786486,
-46.770357,
-46.768938,
-46.768055,
-46.766021,
-46.751963,
-46.746576,
-46.743164,
-46.740821,
-46.736646,
-46.732036,
-46.728651,
-46.728626,
-46.723259,
-46.721782,
-46.720812,
-46.720315,
-46.718508,
-46.714531,
-46.71238,
-46.711894,
-46.709713,
-46.697349,
-46.696876,
-46.695884,
-46.689831,
-46.684699,
-46.683375,
-46.679803,
-46.673304,
-46.663747,
-46.660984,
-46.654219,
-46.653322,
-46.651296,
-46.650371,
-46.641123,
-46.636164,
-46.629771,
-46.624577,
-46.611096,
-46.609391,
-46.593827,
-46.586141,
-46.579052,
-46.575834,
-46.574146,
-46.57317,
-46.564899,
-46.551727,
-46.539955,
-46.537705,
-46.537517,
-46.533212,
-46.531847,
-46.530744,
-46.52975,
-46.522319,
-46.520345,
-46.509903,
-46.507286,
-46.496607,
-46.488931,
-46.478271,
-46.474235,
-46.463796,
-46.460673,
-46.458359,
-46.457033,
-46.456421,
-46.448348,
-46.444842,
-46.431457,
-46.425311,
-46.424397,
-46.406483,
-46.403775,
-46.401995,
-46.396106,
-46.39312,
-46.389709,
-46.387889,
-46.385281,
-46.383095,
-46.381328,
-46.374768,
-46.366911,
-46.365881,
-46.358167,
-46.357817,
-46.352529,
-46.350592,
-46.344126,
-46.342452,
-46.328059,
-46.327485,
-46.306287,
-46.303766,
-46.297216,
-46.296897,
-46.289901,
-46.289564,
-46.286848,
-46.286191,
-46.281754,
-46.277568,
-46.276657,
-46.276644,
-46.26883,
-46.265319,
-46.234287,
-46.232713,
-46.229907,
-46.229569,
-46.223992,
-46.22182,
-46.206896,
-46.199292,
-46.196315,
-46.190802,
-46.155905,
-46.153278,
-46.149115,
-46.145267,
-46.13874,
-46.127266,
-46.1246,
-46.119414,
-46.117591,
-46.116987,
-46.115514,
-46.107056,
-46.106847,
-46.10003,
-46.095123,
-46.082964,
-46.076507,
-46.064455,
-46.053042,
-46.050205,
-46.048856,
-46.042565,
-46.038898,
-46.036242,
-46.031765,
-46.030773,
-46.029246,
-46.026238,
-46.026204,
-46.016994,
-46.010427,
-45.999887,
-45.995978,
-45.992428,
-45.990095,
-45.988686,
-45.987884,
-45.973792,
-45.973722,
-45.973407,
-45.972907,
-45.9661,
-45.955109,
-45.953439,
-45.941018,
-45.936594,
-45.934623,
-45.921656,
-45.911288,
-45.906691,
-45.904552,
-45.897086,
-45.893904,
-45.890669,
-45.886402,
-45.883823,
-45.883157,
-45.878785,
-45.876927,
-45.874791,
-45.872961,
-45.867731,
-45.866972,
-45.866068,
-45.863899,
-45.858068,
-45.857735,
-45.856883,
-45.85585,
-45.85095,
-45.840719,
-45.825776,
-45.814601,
-45.813747,
-45.794925,
-45.791117,
-45.788607,
-45.786658,
-45.786273,
-45.780123,
-45.777813,
-45.774212,
-45.766288,
-45.765495,
-45.762474,
-45.757324,
-45.755114,
-45.752608,
-45.748293,
-45.746521,
-45.746044,
-45.745002,
-45.744457,
-45.744117,
-45.743922,
-45.74234,
-45.740056,
-45.731994,
-45.72263,
-45.707915,
-45.69789,
-45.677357,
-45.677224,
-45.674316,
-45.67143,
-45.669397,
-45.665423,
-45.655529,
-45.652709,
-45.65262,
-45.647319,
-45.641977,
-45.637942,
-45.632052,
-45.631725,
-45.625384,
-45.624313,
-45.621234,
-45.619963,
-45.619044,
-45.607683,
-45.60092,
-45.597928,
-45.595445,
-45.59369,
-45.59241,
-45.587887,
-45.586014,
-45.584869,
-45.579282,
-45.568542,
-45.564598,
-45.561077,
-45.556254,
-45.553393,
-45.551612,
-45.543065,
-45.540524,
-45.53454,
-45.531482,
-45.527761,
-45.526757,
-45.518381,
-45.516303,
-45.513639,
-45.511179,
-45.509409,
-45.502345,
-45.494325,
-45.491837,
-45.491346,
-45.490127,
-45.489748,
-45.48719,
-45.473923,
-45.470957,
-45.468689,
-45.46748,
-45.463633,
-45.463556,
-45.459838,
-45.453835,
-45.453049,
-45.452673,
-45.44938,
-45.435767,
-45.428856,
-45.428267,
-45.426929,
-45.418577,
-45.414404,
-45.41163,
-45.410615,
-45.409618,
-45.409609,
-45.397923,
-45.397334,
-45.393408,
-45.383211,
-45.381346,
-45.371394,
-45.366064,
-45.365689,
-45.364222,
-45.362317,
-45.348132,
-45.34486,
-45.344466,
-45.341919,
-45.330903,
-45.325386,
-45.324031,
-45.316484,
-45.302602,
-45.302336,
-45.301239,
-45.299794,
-45.295226,
-45.294937,
-45.289779,
-45.289552,
-45.284708,
-45.277395,
-45.274488,
-45.270371,
-45.263788,
-45.249925,
-45.240728,
-45.239856,
-45.236072,
-45.226678,
-45.225609,
-45.22422,
-45.216939,
-45.212532,
-45.212327,
-45.211678,
-45.210255,
-45.204094,
-45.199476,
-45.197002,
-45.193615,
-45.19264,
-45.190816,
-45.181331,
-45.178472,
-45.17465,
-45.174077,
-45.167469,
-45.160946,
-45.157687,
-45.139625,
-45.136829,
-45.125791,
-45.122763,
-45.115281,
-45.114018,
-45.112175,
-45.101486,
-45.081043,
-45.079968,
-45.070797,
-45.066343,
-45.053912,
-45.051928,
-45.048246,
-45.047629,
-45.044538,
-45.026522,
-45.0229,
-45.01214,
-45.011037,
-45.01079,
-45.008285,
-45.007841,
-45.001256,
-45.00007,
-44.998048,
-44.997947,
-44.989533,
-44.989132,
-44.984495,
-44.982347,
-44.977745,
-44.968789,
-44.954941,
-44.953719,
-44.950659,
-44.947142,
-44.934785,
-44.927148,
-44.917164,
-44.887753,
-44.886416,
-44.877688,
-44.872068,
-44.870534,
-44.866763,
-44.857193,
-44.85556,
-44.847911,
-44.846713,
-44.843319,
-44.842485,
-44.840181,
-44.835512,
-44.833161,
-44.826562,
-44.815327,
-44.813676,
-44.813603,
-44.813552,
-44.812566,
-44.810534,
-44.807658,
-44.802296,
-44.797826,
-44.795812,
-44.784675,
-44.781147,
-44.768763,
-44.760129,
-44.759831,
-44.731941,
-44.72362,
-44.716061,
-44.706318,
-44.698808,
-44.67666,
-44.667821,
-44.659102,
-44.657566,
-44.640924,
-44.629317,
-44.622164,
-44.615047,
-44.606585,
-44.606509,
-44.586365,
-44.580888,
-44.577772,
-44.572896,
-44.570805,
-44.556636,
-44.552245,
-44.54373,
-44.542274,
-44.534289,
-44.533898,
-44.533444,
-44.529933,
-44.525225,
-44.516315,
-44.494848,
-44.492127,
-44.466287,
-44.459784,
-44.425983,
-44.41183,
-44.409922,
-44.406846,
-44.406785,
-44.386731,
-44.371277,
-44.366359,
-44.357539,
-44.357534,
-44.351522,
-44.351347,
-44.349676,
-44.34469,
-44.342941,
-44.341563,
-44.323573,
-44.323212,
-44.322849,
-44.320978,
-44.318917,
-44.309465,
-44.302664,
-44.301023,
-44.292657,
-44.273678,
-44.265498,
-44.254561,
-44.25356,
-44.252181,
-44.242293,
-44.241673,
-44.223906,
-44.208676,
-44.206611,
-44.190602,
-44.186546,
-44.183609,
-44.178004,
-44.170804,
-44.164255,
-44.16222,
-44.155169,
-44.151976,
-44.148506,
-44.140857,
-44.13159,
-44.126661,
-44.113183,
-44.111994,
-44.107405,
-44.105266,
-44.097451,
-44.093588,
-44.085366,
-44.079759,
-44.078527,
-44.073583,
-44.072354,
-44.070033,
-44.068533,
-44.067248,
-44.067004,
-44.066636,
-44.050167,
-44.048283,
-44.046933,
-44.044725,
-44.04393,
-44.03503,
-44.022082,
-44.014837,
-44.013381,
-44.001916,
-44.001558,
-43.99601,
-43.995949,
-43.995358,
-43.993882,
-43.993648,
-43.991269,
-43.98996,
-43.977675,
-43.971718,
-43.967393,
-43.967124,
-43.962035,
-43.961191,
-43.95397,
-43.952445,
-43.952334,
-43.938823,
-43.920319,
-43.903332,
-43.902285,
-43.901082,
-43.88887,
-43.887769,
-43.877553,
-43.874558,
-43.873662,
-43.873484,
-43.870562,
-43.862257,
-43.862218,
-43.855611,
-43.852799,
-43.852073,
-43.851928,
-43.847462,
-43.847356,
-43.847017,
-43.842739,
-43.83072,
-43.82813,
-43.826983,
-43.822898,
-43.819034,
-43.815529,
-43.812286,
-43.809195,
-43.805812,
-43.80241,
-43.789697,
-43.786446,
-43.780735,
-43.778961,
-43.758285,
-43.753529,
-43.744596,
-43.736551,
-43.734953,
-43.730294,
-43.712156,
-43.696462,
-43.689102,
-43.683897,
-43.679869,
-43.677404,
-43.668218,
-43.658401,
-43.656593,
-43.644402,
-43.643996,
-43.642118,
-43.6365,
-43.63569,
-43.63499,
-43.6271,
-43.626238,
-43.62488,
-43.624839,
-43.618815,
-43.618034,
-43.616874,
-43.615059,
-43.609827,
-43.603454,
-43.586554,
-43.583429,
-43.579051,
-43.561434,
-43.561005,
-43.560923,
-43.557684,
-43.557066,
-43.550237,
-43.532982,
-43.532076,
-43.51982,
-43.516926,
-43.513467,
-43.511147,
-43.509195,
-43.50759,
-43.506247,
-43.496996,
-43.490867,
-43.490584,
-43.484721,
-43.479135,
-43.478881,
-43.469043,
-43.462714,
-43.449957,
-43.44358,
-43.435961,
-43.434501,
-43.433473,
-43.425002,
-43.415494,
-43.407076,
-43.404519,
-43.403102,
-43.402619,
-43.38747,
-43.38342,
-43.383014,
-43.375769,
-43.36967,
-43.369235,
-43.363964,
-43.351499,
-43.348154,
-43.344345,
-43.342148,
-43.341723,
-43.329207,
-43.320917,
-43.307642,
-43.30551,
-43.289869,
-43.270494,
-43.267414,
-43.262139,
-43.260741,
-43.258262,
-43.25077,
-43.248795,
-43.244032,
-43.230659,
-43.210733,
-43.199975,
-43.196702,
-43.194153,
-43.187357,
-43.180882,
-43.167252,
-43.16254,
-43.158132,
-43.153584,
-43.151882,
-43.151703,
-43.147067,
-43.145013,
-43.140213,
-43.134448,
-43.129042,
-43.128385,
-43.126819,
-43.12524,
-43.12403,
-43.116984,
-43.108372,
-43.099491,
-43.098119,
-43.089297,
-43.080208,
-43.079687,
-43.058297,
-43.054926,
-43.042559,
-43.042272,
-43.026535,
-43.02074,
-43.016414,
-43.009647,
-43.008261,
-43.006627,
-43.003928,
-42.998013,
-42.99214,
-42.987604,
-42.980483,
-42.977262,
-42.968715,
-42.965051,
-42.960909,
-42.957591,
-42.956452,
-42.952551,
-42.942174,
-42.942058,
-42.930949,
-42.910585,
-42.909403,
-42.90074,
-42.894678,
-42.890381,
-42.888312,
-42.864177,
-42.862407,
-42.861134,
-42.86012,
-42.841189,
-42.835063,
-42.834958,
-42.817703,
-42.815162,
-42.81164,
-42.793627,
-42.788763,
-42.787411,
-42.775757,
-42.771884,
-42.759852,
-42.757237,
-42.737555,
-42.73379,
-42.726456,
-42.724435,
-42.721114,
-42.716417,
-42.715123,
-42.713188,
-42.709124,
-42.706192,
-42.704844,
-42.693679,
-42.683926,
-42.676107,
-42.674264,
-42.662074,
-42.659671,
-42.657839,
-42.654584,
-42.635655,
-42.628647,
-42.627812,
-42.624467,
-42.622674,
-42.619518,
-42.616924,
-42.612304,
-42.608714,
-42.60826,
-42.605647,
-42.591013,
-42.590731,
-42.582056,
-42.569335,
-42.567459,
-42.55205,
-42.551908,
-42.545769,
-42.528114,
-42.521013,
-42.516252,
-42.501211,
-42.49215,
-42.489772,
-42.471789,
-42.452184,
-42.450944,
-42.447893,
-42.441973,
-42.400705,
-42.400642,
-42.393554,
-42.393156,
-42.38992,
-42.372612,
-42.36199,
-42.334723,
-42.333467,
-42.325949,
-42.317457,
-42.314879,
-42.313635,
-42.299583,
-42.296135,
-42.290631,
-42.287815,
-42.284078,
-42.28115,
-42.278345,
-42.276617,
-42.256827,
-42.25555,
-42.192881,
-42.185267,
-42.181063,
-42.172503,
-42.165479,
-42.158388,
-42.158222,
-42.156815,
-42.130468,
-42.124242,
-42.088262,
-42.087706,
-42.079318,
-42.065983,
-42.063836,
-42.05952,
-42.043294,
-42.038306,
-42.014467,
-42.001789,
-41.992576,
-41.978805,
-41.958382,
-41.948726,
-41.932153,
-41.931049,
-41.908743,
-41.902054,
-41.89457,
-41.871665,
-41.84363,
-41.831133,
-41.825366,
-41.812751,
-41.790321,
-41.781858,
-41.765888,
-41.738893,
-41.737329,
-41.719362,
-41.709929,
-41.696036,
-41.675386,
-41.664663,
-41.658802,
-41.645877,
-41.644956,
-41.64492,
-41.643473,
-41.638902,
-41.636232,
-41.616382,
-41.607434,
-41.590962,
-41.579983,
-41.561741,
-41.561527,
-41.559012,
-41.528849,
-41.50958,
-41.506218,
-41.50123,
-41.479867,
-41.47579,
-41.474161,
-41.468687,
-41.461286,
-41.448596,
-41.447869,
-41.438563,
-41.436482,
-41.427765,
-41.413268,
-41.38509,
-41.383713,
-41.380986,
-41.371729,
-41.371729,
-41.371729,
-41.371729,
-41.34454,
-41.332061,
-41.328954,
-41.321947,
-41.303504,
-41.292931,
-41.262423,
-41.215612,
-41.213695,
-41.208278,
-41.206147,
-41.202271,
-41.199786,
-41.18348,
-41.099015,
-41.097165,
-41.061676,
-41.05011,
-41.041031,
-41.039512,
-40.961918,
-40.935975,
-40.918274,
-40.885618,
-40.880605,
-40.861194,
-40.858482,
-40.856559,
-40.80336,
-40.797023,
-40.783564,
-40.776653,
-40.757803,
-40.753638,
-40.753638,
-40.745318,
-40.711736,
-40.675355,
-40.66139,
-40.658754,
-40.627543,
-40.607853,
-40.591049,
-40.542635,
-40.481815,
-40.476492,
-40.450113,
-40.432206,
-40.429931,
-40.421545,
-40.367787,
-40.343045,
-40.317091,
-40.260913,
-40.216118,
-40.153187,
-40.141757,
-40.09177,
-40.087437,
-40.060314,
-40.035517,
-40.007661,
-39.953747,
-39.931721,
-39.885992,
-39.855571,
-39.854984,
-39.832837,
-39.828697,
-39.822763,
-39.811471,
-39.810517,
-39.782682,
-39.71709,
-39.652837,
-39.646663,
-39.624774,
-39.60583,
-39.534416,
-39.529549,
-39.433534,
-39.427805,
-39.414819,
-39.363454,
-39.296914,
-39.29367,
-39.248723,
-39.229653,
-39.012231,
-38.953864,
-38.890585,
-38.721474,
-38.709239,
-38.662947,
-38.655664,
-38.637546,
-38.628621,
-38.556526,
-38.479889,
-38.464735,
-38.444355,
-38.302464,
-38.166779,
-38.047851,
-37.988149,
-37.832892,
-37.728481,
-37.646686,
-37.483174,
-37.355853,
-37.223263,
-37.209346,
-36.901752,
-36.408443,
-36.10311,
-35.807637,
-35.801605,
-35.667083,
-35.376974,
-35.30233,
-35.193287,
-34.330916,
-33.357282,
-32.731761,
-32.470757,
-32.43931,
-31.832248,
-31.236478,
-30.95127,
-30.884546,
-30.539944,
-29.193569,
-23.531843,
-23.171113,
-22.699461,
-22.009975,
-21.610344,
-20.996766,
-20.719323,
,
