-39.828697,
-43.822898,
-45.872961,
-42.713188,
-43.826983,
-37.355853,
-47.113828,
-48.934848,
-42.290631,
-48.838392,
-43.734953,
-44.302664,
-45.047629,
-47.789796,
-45.330903,
-41.948726,
-39.296914,
-45.178472,
-47.210325,
-48.304021,
-41.371729,
-44.716061,
-49.576149,
-46.663747,
-47.622724,
-45.452673,
-37.209346,
-47.083492,
-46.994596,
-47.600777,
-47.73351,
-43.369235,
-44.706318,
-42.693679,
-46.488931,
-48.923284,
-45.490127,
-49.356946,
-43.008261,
-46.972329,
-44.073583,
-47.38845,
-52.440286,
-51.549599,
-43.677404,
-45.348132,
-44.534289,
-42.980483,
-42.36199,
-50.41114,
-45.284708,
-50.340559,
-46.52975,
-43.616874,
-49.685099,
-32.43931,
-39.60583,
-40.753638,
-43.847356,
-49.189375,
-48.130025,
-41.664663,
-42.715123,
-47.18964,
-43.435961,
-46.365881,
-47.410916,
-38.637546,
-48.466339,
-44.111994,
-48.062351,
-48.461204,
-50.378183,
-47.161714,
-44.078527,
-46.286848,
-42.591013,
-49.2341,
-47.653834,
-45.934623,
-44.731941,
-48.124573,
-43.809195,
-42.608714,
-45.299794,
-46.856039,
-42.287815,
-43.847462,
-45.01079,
-47.48114,
-40.607853,
-45.744457,
-49.770021,
-45.00007,
-40.09177,
-41.931049,
-41.932153,
-48.361574,
-43.36967,
-42.834958,
-39.931721,
-44.698808,
-42.156815,
-41.607434,
-49.951937,
-46.736646,
-49.672874,
-42.192881,
-48.217831,
-45.001256,
-42.124242,
-45.955109,
-42.771884,
-54.448248,
-41.380986,
-46.830622,
-47.233874,
-48.443511,
-43.042272,
-47.414216,
-44.870534,
-46.048856,
-47.18499,
-45.008285,
-45.115281,
-45.365689,
-46.145267,
-45.531482,
-43.758285,
-47.824892,
-46.964006,
-47.607746,
-43.248795,
-48.428714,
-48.842083,
-39.414819,
-37.646686,
-47.704509,
-46.679803,
-43.902285,
-44.25356,
-44.516315,
-50.581197,
-46.586141,
-46.720812,
-44.615047,
-42.616924,
-40.627543,
-48.650251,
-50.011004,
-43.230659,
-51.162317,
-50.751474,
-46.116987,
-41.447869,
-50.343768,
-41.559012,
-45.641977,
-45.393408,
-48.745773,
-49.162829,
-46.22182,
-44.323212,
-55.106534,
-47.045543,
-44.206611,
-49.5688,
-45.788607,
-47.849295,
-42.087706,
-53.518382,
-45.418577,
-36.901752,
-47.361235,
-49.088146,
-43.449957,
-43.971718,
-42.325949,
-41.061676,
-43.851928,
-43.819034,
-46.945596,
-45.210255,
-46.721782,
-43.83072,
-42.628647,
-43.560923,
-47.904083,
-46.830622,
-51.235284,
-43.167252,
-42.256827,
-43.140213,
-49.3677,
-45.325386,
-40.432206,
-44.014837,
-43.003928,
-39.885992,
-41.638902,
-43.180882,
-47.705156,
-42.788763,
-48.510011,
-46.289901,
-42.909403,
-46.907417,
-51.042388,
-46.232713,
-43.952445,
-46.064455,
-49.068319,
-45.890669,
-45.825776,
-48.673797,
-46.296897,
-47.69691,
-46.460673,
-45.44938,
-42.793627,
-45.381346,
-49.772059,
-49.220648,
-48.049251,
-53.059794,
-44.148506,
-42.471789,
-47.428917,
-40.80336,
-48.786314,
-46.26883,
-47.562567,
-43.289869,
-41.781858,
-45.744117,
-46.57317,
-46.276644,
-47.996991,
-42.38992,
-53.020476,
-51.414246,
-43.496996,
-44.126661,
-49.515686,
-42.99214,
-48.687064,
-43.561005,
-53.385248,
-47.782908,
-51.20574,
-45.607683,
-42.551908,
-48.873432,
-49.709552,
-43.877553,
-50.083055,
-47.054833,
-49.729868,
-46.026204,
-45.226678,
-46.903455,
-41.992576,
-41.908743,
-43.615059,
-45.295226,
-49.996058,
-45.553393,
-50.247678,
-47.68964,
-46.939407,
-43.63499,
-46.229569,
-46.999378,
-34.330916,
-40.060314,
-45.491346,
-42.977262,
-42.55205,
-43.158132,
-46.053042,
-43.270494,
-43.089297,
-44.186546,
-42.757237,
-45.621234,
-45.973407,
-40.856559,
-46.955594,
-45.556254,
-54.195066,
-59.928802,
-50.851828,
-47.876774,
-44.781147,
-46.425311,
-45.632052,
-45.941018,
-43.847017,
-48.828681,
-42.299583,
-48.8464,
-42.716417,
-43.098119,
-43.509195,
-42.276617,
-42.787411,
-45.513639,
-47.44119,
-41.902054,
-43.116984,
-51.008721,
-40.481815,
-49.169424,
-50.037076,
-44.105266,
-41.371729,
-47.391534,
-47.977233,
-43.642118,
-45.0229,
-46.963874,
-45.079968,
-48.206188,
-45.669397,
-45.856883,
-42.635655,
-44.998048,
-46.457033,
-42.400642,
-46.973334,
-42.521013,
-47.880827,
-48.855173,
-51.424628,
-47.618688,
-29.193569,
-49.295451,
-42.930949,
-44.494848,
-36.408443,
-47.902149,
-47.80396,
-44.552245,
-43.129042,
-39.534416,
-38.953864,
-43.02074,
-41.831133,
-44.320978,
-40.753638,
-41.50958,
-40.783564,
-43.870562,
-45.813747,
-50.270941,
-48.818219,
-45.409618,
-42.313635,
-47.27377,
-43.643996,
-45.953439,
-37.832892,
-41.50123,
-42.296135,
-49.115494,
-44.068533,
-50.03061,
-43.679869,
-46.684699,
-44.570805,
-45.459838,
-46.533212,
-42.910585,
-46.029246,
-44.533898,
-50.886183,
-43.12524,
-47.608109,
-46.539955,
-44.349676,
-41.097165,
-41.461286,
-47.706093,
-48.678327,
-48.585297,
-46.431457,
-48.809146,
-42.759852,
-42.890381,
-48.283362,
-44.606509,
-43.873484,
-44.667821,
-44.843319,
-50.671501,
-69.377528,
-51.199271,
-30.95127,
-47.535694,
-40.429931,
-45.765495,
-42.654584,
-54.060881,
-48.499141,
-49.269677,
-45.619963,
-43.145013,
-49.312087,
-48.086087,
-49.257827,
-46.106847,
-49.637085,
-41.636232,
-49.004131,
-42.956452,
-48.606372,
-46.551727,
-46.115514,
-40.007661,
-30.884546,
-45.757324,
-50.341836,
-39.363454,
-43.862257,
-44.164255,
-42.582056,
-42.278345,
-54.539741,
-45.011037,
-47.276182,
-43.855611,
-44.760129,
-43.260741,
-48.791603,
-45.518381,
-44.292657,
-47.491395,
-42.706192,
-47.712566,
-49.45646,
-45.114018,
-40.591049,
-46.948963,
-45.579282,
-50.184002,
-45.637942,
-43.342148,
-44.813603,
-42.835063,
-39.855571,
-48.085687,
-43.561434,
-51.201636,
-43.696462,
-49.503733,
-44.309465,
-46.641123,
-49.157725,
-51.61034,
-46.389709,
-41.616382,
-52.16742,
-31.832248,
-47.344143,
-44.273678,
-35.376974,
-47.521268,
-50.102078,
-42.043294,
-42.627812,
-43.462714,
-43.51982,
-44.934785,
-42.314879,
-43.363964,
-35.667083,
-51.534976,
-49.394786,
-51.233403,
-43.95397,
-45.584869,
-38.655664,
-49.476569,
-45.794925,
-43.38342,
-46.740821,
-54.86047,
-44.784675,
-39.624774,
-53.072016,
-31.236478,
-45.988686,
-43.434501,
-45.987884,
-48.973943,
-44.252181,
-48.252676,
-45.470957,
-47.795804,
-46.770357,
-43.82813,
-46.050205,
-45.053912,
-48.420708,
-47.850943,
-44.254561,
-50.482156,
-46.579052,
-43.583429,
-45.239856,
-41.825366,
-47.842621,
-48.953195,
-41.89457,
-44.877688,
-45.874791,
-51.233667,
-41.18348,
-48.713107,
-43.153584,
-46.026238,
-49.860805,
-45.973722,
-45.72263,
-35.801605,
-48.469263,
-46.289564,
-48.569109,
-41.812751,
-46.281754,
-47.867097,
-41.958382,
-48.506261,
-46.328059,
-51.228668,
-42.60826,
-41.332061,
-51.635387,
-51.251272,
-45.755114,
-40.961918,
-42.86012,
-49.596424,
-48.701316,
-47.304837,
-47.244262,
-42.333467,
-39.810517,
-47.519131,
-47.544511,
-44.093588,
-40.745318,
-44.03503,
-44.556636,
-44.242293,
-41.696036,
-41.561741,
-52.154485,
-48.853891,
-47.491395,
-46.714531,
-43.196702,
-41.199786,
-44.989132,
-49.310965,
-47.900026,
-45.426929,
-44.459784,
-46.941528,
-42.130468,
-44.815327,
-43.99601,
-46.980569,
-45.866972,
-43.016414,
-46.564899,
-44.406785,
-36.10311,
-44.872068,
-45.67143,
-51.254932,
-48.641007,
-44.72362,
-41.561527,
-46.709713,
-52.818672,
-45.249925,
-45.858068,
-51.276391,
-47.155523,
-45.911288,
-46.478271,
-48.613708,
-48.314282,
-45.174077,
-46.095123,
-46.229907,
-42.864177,
-48.133712,
-47.069199,
-47.016365,
-40.885618,
-45.551612,
-43.134448,
-51.181325,
-46.401995,
-46.651296,
-45.383211,
-49.603099,
-45.468689,
-49.751179,
-45.167469,
-42.001789,
-50.698691,
-51.350431,
-52.198217,
-50.993363,
-44.04393,
-44.768763,
-47.191596,
-54.192524,
-43.16254,
-48.985505,
-42.158388,
-51.225054,
-48.902717,
-47.991173,
-44.406846,
-47.446448,
-49.009107,
-48.313433,
-46.507286,
-51.199905,
-43.780735,
-45.044538,
-40.658754,
-46.448348,
-45.65262,
-45.906691,
-42.317457,
-45.60092,
-45.362317,
-49.474089,
-50.068341,
-43.433473,
-45.289779,
-45.883157,
-45.53454,
-43.789697,
-43.656593,
-48.542515,
-47.131043,
-48.017451,
-45.302336,
-40.542635,
-43.557066,
-46.406483,
-43.532982,
-38.047851,
-45.22422,
-48.99447,
-44.954941,
-45.762474,
-46.297216,
-45.936594,
-45.502345,
-47.855306,
-44.542274,
-46.286191,
-56.880034,
-48.14324,
-45.301239,
-48.596385,
-51.970955,
-42.393554,
-44.982347,
-39.854984,
-45.863899,
-42.894678,
-48.444869,
-46.387889,
-46.711894,
-41.303504,
-43.404519,
-42.657839,
-46.826521,
-43.194153,
-46.611096,
-41.292931,
-43.329207,
-43.151882,
-45.366064,
-44.16222,
-42.704844,
-47.046019,
-45.526757,
-47.295031,
-44.927148,
-44.866763,
-51.879685,
-44.835512,
-22.009975,
-46.653322,
-41.328954,
-49.102958,
-45.972907,
-48.942928,
-39.29367,
-46.816559,
-48.657909,
-45.274488,
-46.474235,
-41.479867,
-45.160946,
-44.341563,
-44.857193,
-46.223992,
-49.114713,
-46.884989,
-41.371729,
-47.585607,
-43.618815,
-47.134334,
-43.479135,
-40.087437,
-45.494325,
-50.108597,
-45.204094,
-44.013381,
-46.206896,
-44.977745,
-48.023376,
-47.114646,
-45.774212,
-50.06321,
-42.393156,
-42.567459,
-40.880605,
-41.34454,
-44.953719,
-46.39312,
-51.40038,
-49.223185,
-47.77779,
-38.890585,
-45.677224,
-44.525225,
-44.190602,
-45.157687,
-45.587887,
-44.41183,
-39.832837,
-45.48719,
-45.263788,
-51.167128,
-44.947142,
-48.426839,
-54.18606,
-47.672423,
-44.001558,
-42.987604,
-35.807637,
-45.46748,
-47.554193,
-49.237867,
-40.153187,
-50.249685,
-47.367221,
-43.852073,
-43.187357,
-50.092811,
-48.777037,
-42.590731,
-40.675355,
-49.377374,
-45.428267,
-46.636164,
-45.190816,
-42.284078,
-42.569335,
-46.127266,
-45.139625,
-43.644402,
-35.193287,
-43.099491,
-43.267414,
-41.871665,
-46.190802,
-43.258262,
-45.463633,
-44.577772,
-44.840181,
-43.383014,
-45.893904,
-46.424397,
-46.839506,
-41.413268,
-43.938823,
-47.044905,
-46.728626,
-42.612304,
-45.59369,
-44.826562,
-40.317091,
-48.038922,
-49.12675,
-42.965051,
-49.021149,
-42.709124,
-47.038237,
-43.991269,
-45.652709,
-41.05011,
-41.039512,
-45.277395,
-50.366292,
-43.744596,
-45.59241,
-44.622164,
-45.453835,
-48.054517,
-51.364993,
-41.528849,
-42.334723,
-49.679764,
-48.880828,
-43.603454,
-47.14801,
-42.724435,
-50.754414,
-51.014101,
-47.5073,
-43.977675,
-46.038898,
-45.070797,
-47.218931,
-43.009647,
-51.981028,
-44.34469,
-45.397923,
-44.657566,
-40.450113,
-44.802296,
-47.080231,
-43.403102,
-46.119414,
-43.98996,
-38.479889,
-43.006627,
-50.39654,
-42.088262,
-49.722278,
-43.425002,
-47.617903,
-43.730294,
-43.993882,
-45.007841,
-49.36991,
-44.797826,
-47.362043,
-46.357817,
-47.881853,
-37.988149,
-42.683926,
-43.484721,
-40.711736,
-48.406783,
-48.236834,
-46.496607,
-45.866068,
-46.463796,
-45.897086,
-42.662074,
-43.786446,
-44.85556,
-46.381328,
-44.107405,
-48.822202,
-45.707915,
-44.342941,
-46.71238,
-42.545769,
-39.012231,
-43.407076,
-43.079687,
-44.048283,
-44.847911,
-41.099015,
-48.314031,
-46.766021,
-48.554401,
-45.240728,
-42.014467,
-53.699445,
-43.320917,
-47.641685,
-41.427765,
-52.215278,
-45.324031,
-44.813552,
-42.372612,
-41.84363,
-41.658802,
-45.066343,
-46.864378,
-38.628621,
-42.817703,
-46.509903,
-43.128385,
-46.689831,
-42.452184,
-43.12403,
-45.780123,
-47.43755,
-44.022082,
-54.186881,
-45.85585,
-46.358167,
-47.101979,
-45.289552,
-41.202271,
-45.509409,
-39.811471,
-42.063836,
-42.181063,
-41.371729,
-45.211678,
-49.404638,
-47.337402,
-49.159382,
-53.122197,
-43.852799,
-53.280582,
-45.564598,
-43.50759,
-48.031124,
-47.270089,
-47.499546,
-51.765533,
-45.647319,
-49.946669,
-50.594634,
-44.580888,
-47.51441,
-42.528114,
-44.529933,
-40.343045,
-41.47579,
-48.290986,
-44.178004,
-47.174388,
-38.556526,
-42.888312,
-46.673304,
-47.974887,
-46.823712,
-45.857735,
-45.625384,
-47.280005,
-41.474161,
-42.158222,
-42.065983,
-43.147067,
-44.085366,
-53.477268,
-46.954523,
-48.578098,
-41.643473,
-44.070033,
-47.620192,
-46.90999,
-46.907174,
-46.966575,
-47.790366,
-45.409609,
-45.840719,
-52.547748,
-45.197002,
-44.357534,
-47.268499,
-46.732036,
-42.676107,
-50.228267,
-45.212532,
-37.223263,
-44.759831,
-45.344466,
-46.352529,
-49.373975,
-50.094058,
-47.555275,
-47.746648,
-46.265319,
-44.950659,
-49.949362,
-43.058297,
-46.575834,
-49.360271,
-49.887301,
-46.816694,
-51.198245,
-49.135477,
-42.605647
