-42.314879
-46.551727
-46.286848
-46.673304
-44.073583
-45.587887
-42.888312
-47.428917
-59.928802
-40.627543
-43.006627
-42.654584
-47.704509
-43.83072
-43.320917
-46.856039
-43.656593
-45.794925
-42.192881
-46.496607
-46.496607
-48.461204
-47.38845
-47.996991
-46.980569
-47.114646
-45.934623
-41.039512
-47.054833
-50.340559
-46.721782
-46.357817
-49.709552
-49.162829
-45.330903
-51.424628
-41.097165
-45.274488
-46.365881
-48.585297
-34.330916
-51.635387
-51.635387
-48.252676
-46.709713
-41.05011
-45.65262
-44.34469
-42.930949
-46.029246
-48.313433
-46.651296
-42.130468
-41.202271
-45.563756
-41.56632
-41.870931
-42.818839
-47.555275
-47.618688
-49.996058
-47.618688
-49.996058
-46.903455
-44.349676
-44.835512
-45.239856
-50.886183
-47.276182
-44.292657
-44.698808
-46.053042
-43.952445
-45.22422
-45.551612
-44.126661
-49.503733
-47.218931
-42.400642
-47.712566
-49.114713
-48.673797
-42.890381
-47.706093
-51.235284
-51.254932
-47.44119
-48.828681
-48.017451
-48.444869
-48.650251
-47.974887
-48.304021
-47.876774
-48.973943
-48.406783
-48.236834
-48.855173
-48.942928
-49.157725
-48.086087
-48.786314
-48.606372
-48.443511
-48.934848
-48.554401
-48.822202
-48.420708
-47.653834
-48.506261
-47.855306
-48.542515
-48.881371
-48.281727
-48.226493
-48.549944
-48.354038
-49.12675
-48.99447
-46.048856
-45.60092
-45.344466
-47.622724
-43.758285
-45.755114
-46.389709
-41.371729
-41.371729
-41.371729
-41.371729
-45.277395
-38.655664
-48.713107
-41.34454
-43.561434
-46.663747
-47.18964
-41.528849
-43.167252
-42.662074
-43.63499
-44.529933
-45.637942
-50.249685
-41.50958
-48.062351
-43.583429
-54.448248
-44.022082
-44.85556
-48.314282
-48.314282
-35.667083
-49.3677
-48.873432
-51.042388
-45.053912
-49.356946
-49.159382
-48.902717
-48.499141
-44.866763
-45.114018
-45.669397
-43.993882
-45.397923
-43.991269
-43.822898
-42.60826
-43.258262
-42.471789
-47.101979
-41.84363
-46.972329
-44.953719
-44.950659
-41.638902
-54.86047
-45.795908
-52.818672
-50.851828
-47.113828
-41.658802
-48.314031
-43.449957
-41.561527
-44.716061
-48.361574
-47.824892
-45.470957
-43.99601
-45.453835
-44.72362
-44.152313
-44.856321
-46.872558
-42.276617
-43.852799
-39.810517
-45.007841
-46.276644
-46.381328
-40.80336
-42.334723
-44.03503
-40.80336
-42.334723
-44.03503
-44.615047
-47.881853
-43.38342
-44.105266
-45.813747
-44.068533
-49.26647
-43.644402
-44.954941
-44.093588
-44.615047
-46.689831
-45.890669
-46.714531
-41.292931
-46.425311
-46.816559
-44.16222
-46.52975
-41.932153
-41.447869
-50.011004
-46.457033
-43.744596
-40.432206
-51.090624
-49.69249
-42.715123
-45.301239
-41.332061
-41.931049
-44.013381
-43.873484
-42.287815
-41.812751
-43.902285
-44.542274
-45.011037
-44.802296
-42.284078
-47.554193
-50.698691
-50.094058
-44.784675
-46.766021
-45.72263
-44.927148
-42.793627
-39.534416
-39.363454
-42.627812
-37.355853
-44.556636
-36.901752
-40.060314
-42.757237
-38.479889
-50.366292
-47.641685
-52.16742
-40.481815
-45.211678
-42.55205
-41.871665
-43.786446
-48.678327
-43.642118
-45.973722
-47.782908
-42.616924
-47.782908
-42.616924
-49.257827
-53.385248
-46.766021
-45.72263
-44.927148
-42.793627
-45.418577
-48.085687
-48.130025
-54.186881
-46.884989
-42.317457
-46.839506
-45.531482
-45.941018
-46.579052
-50.343768
-51.008721
-42.278345
-41.992576
-44.782349
-46.232713
-45.494325
-42.612304
-42.977262
-35.807637
-45.226678
-42.087706
-47.900026
-41.47579
-47.607746
-45.757324
-46.115514
-48.985505
-43.289869
-42.313635
-48.838392
-45.115281
-43.12403
-50.368151
-53.122197
-47.48114
-47.233874
-48.290986
-50.068341
-43.734953
-45.85585
-43.145013
-49.360271
-46.229569
-43.881096
-49.237867
-45.911288
-45.911288
-52.198217
-41.958382
-43.045747
-42.187088
-42.279453
-41.825366
-41.958382
-43.045747
-42.187088
-42.279453
-41.825366
-48.747317
-43.963243
-44.686493
-47.593785
-48.809146
-43.196702
-38.609404
-45.0578
-47.499546
-45.0229
-49.004131
-48.884864
-43.852073
-45.177589
-39.87347
-42.666238
-44.768763
-46.973334
-49.276722
-42.639621
-50.671501
-45.07538
-48.422791
-39.251262
-43.36967
-46.651296
-42.130468
-41.202271
-45.563756
-41.56632
-41.870931
-42.818839
-46.888662
-41.402127
-44.576998
-56.257992
-44.717152
-46.036971
-46.467403
-46.497704
-44.131985
-49.26647
-37.396074
-40.943872
-49.935571
-44.111994
-41.05522
-43.960749
-44.72362
-44.152313
-44.856321
-46.872558
-44.600566
-44.178004
-44.659265
-45.722554
-41.05522
-41.902604
-43.768242
-45.303756
-42.628057
-48.166764
-48.412222
-54.492675
-52.434203
-49.569316
-36.10311
-45.909369
-45.565218
-43.549691
-43.352158
-43.62895
-42.075899
-48.267027
-44.701982
-44.72362
-44.152313
-44.856321
-46.872558
-44.72362
-44.152313
-44.856321
-46.872558
-49.349963
-48.655657
-48.96108
-42.868596
-52.41281
-43.091169
-43.091169
-40.783564
-43.330275

