-39.828697
-43.822898
-42.917285
-43.350009
-45.313827
-44.448832
-52.831369
-42.713188
-46.496476
-48.549944
-53.084738
-46.328987
-43.826983
-43.326059
-45.446059
-37.355853
-47.113828
-48.934848
-44.557802
-45.083678
-47.245886
-44.937963
-43.247467
-42.505273
-42.290631
-45.15624
-46.186489
-48.238867
-45.118054
-44.685997
-39.1937
-48.838392
-41.7228
-38.796198
-43.506117
-43.734953
-44.302664
-48.727618
-45.047629
-47.789796
-45.330903
-44.286072
-41.844744
-41.748568
-49.485641
-41.948726
-41.56632
-48.044041
-41.211097
-45.836418
-46.178344
-45.968944
-39.296914
-46.757426
-44.659265
-38.419172
-43.387872
-47.442519
-46.887805
-45.178472
-41.255835
-47.210325
-47.687581
-37.643801
-48.304021
-45.167047
-44.912993
-39.251262
-49.181138
-41.371729
-41.01092
-48.487614
-44.716061
-49.576149
-46.663747
-47.582683
-46.970917
-44.293841
-54.858094
-42.476021
-47.622724
-42.73512
-42.572916
-45.452673
-37.209346
-49.664415
-42.466745
-47.083492
-50.032873
-47.600777
-40.837163
-47.73351
-43.369235
-45.819407
-43.743775
-44.706318
-43.926597
-42.846174
-42.693679
-47.01889
-48.447546
-46.488931
-48.923284
-45.490127
-44.158833
-46.961861
-49.356946
-43.008261
-40.991834
-46.972329
-43.468291
-44.073583
-46.441301
-53.450927
-47.38845
-52.440286
-43.160445
-38.21292
-48.481521
-45.402211
-43.199755
-45.525873
-43.15486
-42.799171
-51.549599
-42.075899
-46.016879
-42.931373
-49.284433
-43.677404
-45.348132
-44.534289
-42.497268
-45.174954
-50.928477
-46.935835
-42.980483
-51.058098
-45.233043
-44.373782
-47.972624
-42.36199
-47.882542
-41.197101
-41.627968
-50.41114
-45.284708
-45.136672
-43.045997
-50.340559
-46.52975
-43.616874
-49.685099
-32.43931
-39.60583
-40.753638
-46.4519
-48.091485
-43.847356
-49.189375
-48.130025
-46.839637
-43.844067
-44.796014
-49.394873
-41.298243
-41.664663
-44.234045
-50.308879
-42.715123
-43.949452
-48.010755
-41.003996
-47.18964
-43.435961
-48.666063
-46.824448
-46.365881
-44.933273
-43.181105
-47.410916
-40.239264
-38.637546
-48.466339
-50.91099
-44.111994
-48.062351
-42.187088
-48.461204
-50.378183
-47.161714
-43.401478
-44.691768
-47.661454
-47.476155
-44.078527
-46.286848
-48.884909
-43.124385
-42.591013
-49.2341
-47.653834
-45.934623
-41.308787
-43.799454
-44.731941
-48.124573
-43.809195
-46.360096
-42.608714
-49.444071
-43.089919
-41.879728
-40.943872
-40.016456
-45.299794
-47.636529
-46.856039
-46.760902
-47.377589
-41.549115
-39.225023
-42.287815
-49.744491
-41.423771
-43.847462
-40.594015
-45.01079
-47.48114
-44.905804
-40.607853
-45.744457
-44.438128
-49.770021
-45.00007
-40.09177
-41.931049
-45.909369
-39.124763
-46.298305
-48.521883
-42.286383
-47.147621
-46.671863
-41.656049
-47.213414
-41.932153
-47.794529
-48.061059
-47.07253
-44.785607
-43.909732
-43.822142
-46.036971
-48.361574
-44.622257
-43.36967
-42.834958
-39.931721
-45.425926
-42.833281
-43.231425
-44.698808
-40.662254
-42.156815
-41.607434
-44.931364
-44.815235
-49.951937
-46.255557
-46.736646
-49.672874
-49.414815
-48.747317
-42.192881
-44.222162
-48.539939
-48.217831
-42.610818
-48.137882
-51.976443
-43.225381
-45.001256
-53.300589
-42.124242
-50.574686
-44.147327
-42.70685
-44.744259
-41.75818
-45.171196
-45.955109
-47.063196
-43.633076
-46.318686
-46.864964
-47.347823
-43.215635
-49.086711
-42.771884
-54.448248
-47.492993
-45.855633
-53.719726
-42.209756
-44.110738
-48.418665
-41.380986
-43.001026
-42.642757
-46.830622
-44.951175
-47.233874
-46.584057
-48.443511
-44.854657
-43.895436
-41.820295
-45.479346
-43.042272
-47.414216
-41.219549
-44.870534
-45.907193
-46.801443
-46.048856
-42.942243
-47.18499
-45.008285
-45.115281
-48.881371
-44.592557
-48.787941
-45.056367
-44.130435
-42.822229
-46.60639
-44.659867
-45.365689
-46.145267
-48.333301
-46.534233
-41.914307
-48.767496
-41.176234
-50.289387
-45.864349
-43.844248
-48.96108
-43.887324
-48.909567
-43.168638
-45.531482
-48.120096
-44.01468
-48.21459
-45.607565
-46.620375
-43.824511
-43.758285
-45.041458
-47.824892
-44.697561
-48.544346
-46.964006
-50.726467
-47.607746
-41.590399
-48.281727
-43.248795
-48.428714
-46.911204
-46.544961
-48.842083
-39.21405
-39.414819
-37.646686
-45.679841
-47.704509
-46.679803
-42.740485
-45.508963
-43.902285
-45.45788
-42.35259
-45.5606
-48.112794
-47.786161
-42.056846
-43.106902
-42.706588
-48.633659
-43.456211
-44.25356
-41.791057
-50.215356
-41.255016
-40.003297
-44.516315
-46.736385
-44.365164
-47.604093
-42.529194
-50.581197
-46.586141
-46.720812
-46.714404
-44.615047
-50.368151
-44.077999
-42.616924
-40.627543
-44.579022
-48.650251
-50.011004
-45.376789
-39.004904
-53.800248
-43.230659
-51.162317
-42.999104
-43.470772
-42.600344
-44.140564
-50.751474
-46.489973
-46.116987
-41.447869
-42.538688
-44.831978
-48.477691
-50.343768
-41.559012
-45.641977
-45.393408
-42.701511
-42.22969
-38.407605
-43.677477
-48.48808
-57.877257
-48.745773
-43.037725
-51.966417
-43.542444
-44.031775
-45.660026
-49.162829
-44.522103
-52.396246
-40.821611
-46.22182
-44.323212
-45.748933
-44.104198
-42.802298
-55.106534
-47.045543
-44.206611
-49.5688
-43.305199
-45.037292
-41.908176
-49.116649
-40.798966
-48.769102
-50.085725
-50.236336
-40.303252
-48.769722
-45.788607
-42.356905
-41.779602
-47.849295
-43.559205
-45.995254
-42.087706
-54.270663
-42.53874
-37.396074
-53.518382
-47.192644
-45.418577
-36.901752
-49.596874
-47.361235
-45.722554
-45.258495
-49.088146
-47.252646
-51.834002
-44.76171
-43.449957
-46.485591
-43.971718
-46.300415
-42.384656
-46.3157
-51.933304
-44.931349
-48.294842
-41.500409
-42.325949
-47.975446
-40.322992
-52.013269
-41.847504
-47.302052
-51.698886
-47.960491
-42.655005
-44.717152
-41.061676
-46.543675
-44.991561
-45.677669
-43.851928
-41.161335
-52.712299
-43.819034
-49.879456
-47.528629
-36.566786
-46.945596
-61.657292
-45.210255
-39.962651
-38.60643
-48.209378
-49.253862
-45.559857
-53.644047
-46.721782
-47.413242
-45.365629
-40.871009
-51.403514
-45.892477
-52.340541
-46.62192
-45.563756
-48.486675
-50.946659
-45.584636
-37.855281
-46.700364
-52.942467
-43.83072
-47.288219
-42.628647
-43.560923
-44.555471
-48.585412
-43.243011
-44.247857
-47.904083
-42.640815
-45.676294
-46.830622
-51.235284
-41.599259
-45.717491
-47.54351
-50.450571
-43.167252
-41.529625
-42.378713
-43.349505
-44.701982
-44.106788
-42.256827
-43.140213
-51.990054
-48.419546
-46.888662
-44.301128
-49.3677
-45.325386
-44.083438
-40.432206
-45.936025
-44.014837
-45.590031
-47.167824
-43.003928
-41.800801
-39.885992
-41.638902
-43.180882
-47.634336
-47.542118
-46.111603
-50.547115
-45.432032
-44.447166
-42.032385
-47.705156
-42.788763
-48.510011
-46.497704
-51.251668
-45.472482
-43.372392
-43.383318
-46.402041
-45.496632
-44.019576
-46.289901
-39.87347
-42.909403
-42.508213
-46.907417
-51.042388
-43.976172
-47.499828
-46.709466
-46.232713
-43.952445
-43.17661
-46.854266
-46.906302
-46.064455
-48.335771
-42.200221
-49.068319
-43.679203
-45.890669
-47.593472
-45.825776
-43.941053
-41.85391
-47.120113
-48.673797
-46.296897
-47.63005
-41.870931
-47.69691
-46.460673
-45.44938
-51.999887
-41.808456
-43.105067
-42.793627
-48.465545
-47.958172
-41.271989
-45.381346
-41.271008
-43.748319
-44.268007
-49.905096
-49.224894
-43.80625
-49.772059
-45.658182
-43.465213
-43.136449
-49.220648
-45.876453
-48.049251
-43.610797
-39.60604
-41.554471
-53.059794
-43.330275
-44.692371
-42.681972
-44.744416
-46.606979
-42.471789
-44.97863
-47.338401
-47.428917
-44.872391
-46.928593
-47.211957
-45.372765
-44.383226
-46.626704
-42.297805
-48.756191
-45.472262
-40.80336
-46.07003
-44.64892
-46.543504
-43.926146
-50.273539
-46.434181
-48.786314
-46.866972
-46.26883
-47.562567
-45.959992
-47.869582
-55.711393
-43.289869
-45.377449
-48.597986
-41.781858
-45.744117
-46.509328
-44.397053
-47.901073
-43.043852
-43.214756
-46.57317
-46.276644
-43.896453
-43.825909
-43.382061
-47.971202
-47.876705
-47.871463
-43.521159
-47.474173
-49.453606
-41.369488
-53.300589
-41.953335
-46.376326
-47.326523
-41.272804
-47.996991
-42.38992
-53.020476
-48.155957
-48.761328
-51.414246
-43.496996
-48.660623
-44.126661
-44.616905
-49.515686
-42.99214
-48.687064
-43.561005
-45.227353
-53.385248
-41.236998
-43.985154
-47.782908
-47.715432
-43.53641
-43.830243
-47.836813
-51.20574
-45.630522
-47.501665
-42.52176
-41.440587
-41.530935
-45.607683
-42.551908
-43.201133
-43.134501
-41.747777
-48.873432
-48.798233
-49.709552
-48.706101
-42.769537
-57.835422
-49.58459
-43.877553
-50.083055
-47.054833
-49.729868
-49.538291
-46.026204
-45.226678
-48.673246
-47.225486
-46.903455
-41.992576
-48.560701
-41.908743
-41.098823
-43.615059
-43.049909
-40.701095
-45.295226
-48.019272
-45.565218
-49.996058
-44.460131
-43.961698
-45.393433
-37.449264
-41.222561
-47.776423
-43.844869
-43.356583
-48.655657
-56.839463
-48.903384
-45.515461
-46.655068
-50.247678
-47.470893
-53.31836
-47.68964
-46.939407
-45.561053
-43.63499
-46.229569
-44.206807
-46.999378
-47.470149
-45.210256
-34.330916
-43.707811
-46.632477
-40.060314
-45.303756
-45.491346
-42.977262
-46.652111
-47.616855
-41.958504
-42.55205
-43.158132
-46.053042
-43.270494
-42.396431
-46.836916
-44.795246
-42.287398
-46.173719
-46.427394
-48.568149
-47.23842
-43.089297
-44.186546
-42.757237
-47.92045
-45.621234
-41.537385
-45.973407
-47.217685
-40.856559
-42.755486
-47.146952
-46.955594
-51.090624
-41.561898
-45.556254
-54.195066
-59.928802
-40.788417
-50.851828
-47.876774
-44.754013
-44.781147
-46.425311
-46.412719
-45.632052
-45.941018
-41.199991
-47.93799
-48.247666
-47.027513
-45.884054
-47.46666
-43.729105
-41.829918
-38.289517
-44.627331
-41.909974
-48.828681
-46.278499
-47.389278
-41.883612
-51.310202
-42.71252
-38.401663
-50.448727
-43.690159
-42.299583
-43.684925
-39.526944
-48.8464
-45.976573
-42.920964
-46.00523
-47.96359
-48.904699
-42.716417
-47.91901
-43.098119
-41.440348
-43.509195
-43.734691
-39.99632
-40.103981
-42.276617
-42.787411
-60.754947
-42.496288
-45.513639
-48.14515
-47.44119
-49.758284
-43.213103
-41.902054
-45.134022
-43.116984
-49.714707
-44.086669
-51.008721
-49.69249
-45.517929
-42.639621
-44.908246
-50.852905
-40.481815
-49.169424
-49.885356
-45.804687
-44.23596
-47.424194
-46.307666
-50.037076
-44.105266
-44.130828
-41.779486
-43.542095
-47.391534
-51.003432
-47.977233
-46.059673
-46.786942
-43.283158
-46.719607
-42.720047
-49.890594
-43.646623
-43.642118
-45.0229
-45.002443
-45.294564
-46.963874
-48.646383
-46.830861
-47.345243
-49.061053
-45.079968
-57.060024
-48.206188
-43.216197
-42.189616
-45.669397
-41.902173
-50.545476
-45.856883
-46.017607
-40.905454
-42.635655
-49.715874
-48.408616
-51.284307
-44.309554
-46.959267
-44.998048
-46.554972
-46.457033
-46.22283
-51.098349
-46.191238
-43.691472
-40.754493
-42.400642
-46.973334
-50.312865
-42.521013
-50.880604
-47.880827
-49.041477
-54.942641
-42.168623
-45.420152
-46.839014
-48.855173
-43.029816
-48.787561
-43.529347
-43.344574
-38.609404
-43.57007
-43.202594
-50.907077
-50.39466
-42.22235
-49.743682
-51.424628
-47.618688
-44.330843
-41.777594
-29.193569
-42.328772
-49.295451
-48.413822
-41.591613
-42.930949
-40.260609
-41.827921
-49.586692
-44.225817
-48.62105
-39.780726
-44.494848
-36.408443
-46.775283
-47.156513
-46.030361
-47.902149
-42.582036
-45.437722
-44.447138
-47.151166
-48.039101
-47.80396
-43.724703
-40.947139
-47.548557
-46.398773
-40.76923
-44.552245
-43.129042
-49.781246
-50.824393
-39.534416
-45.59113
-42.938052
-42.31302
-38.953864
-49.853367
-44.988988
-42.1726
-43.02074
-41.831133
-44.320978
-40.753638
-49.569316
-47.616347
-41.50958
-40.783564
-45.431898
-44.600566
-44.599219
-46.49022
-43.870562
-41.393927
-45.813747
-48.313854
-50.270941
-46.78667
-51.011138
-48.818219
-45.409618
-42.313635
-47.131067
-47.601817
-47.27377
-46.897948
-43.643996
-46.672424
-45.314503
-45.953439
-47.388945
-49.74357
-47.915797
-37.832892
-47.420275
-43.352158
-47.533993
-44.684481
-33.961296
-44.807563
-41.50123
-42.296135
-51.2347
-47.17759
-54.740487
-49.115494
-44.068533
-42.628153
-50.03061
-51.051752
-51.243062
-47.340173
-43.126365
-47.329656
-45.029598
-43.679869
-47.567105
-43.858472
-43.189149
-44.695762
-46.684699
-40.265553
-44.778299
-44.570805
-45.459838
-46.533212
-41.533412
-53.643361
-42.910585
-46.029246
-42.820245
-38.923794
-48.238049
-49.478695
-40.67129
-44.533898
-50.886183
-42.481624
-40.892482
-46.027064
-45.832723
-40.559671
-43.12524
-44.133326
-47.608109
-46.539955
-41.876758
-45.512514
-41.14374
-44.576998
-45.00686
-50.850217
-43.465713
-44.227025
-44.349676
-41.097165
-41.461286
-47.097693
-47.706093
-42.13269
-48.678327
-42.456371
-48.585297
-46.431457
-50.470417
-40.281063
-48.809146
-50.335688
-44.29565
-42.759852
-45.127643
-42.048698
-42.890381
-53.432463
-50.256537
-44.517033
-48.283362
-44.606509
-43.873484
-47.787449
-48.341105
-44.667821
-44.843319
-47.392537
-50.671501
-69.377528
-42.331978
-51.199271
-45.611908
-41.05522
-54.273723
-48.481879
-47.589878
-49.267606
-37.593145
-30.95127
-49.290977
-48.267027
-47.535694
-40.429931
-45.765495
-43.737927
-44.668767
-41.285207
-42.654584
-50.989488
-46.610209
-54.060881
-42.771432
-48.589647
-48.499141
-49.269677
-48.567549
-46.712319
-45.619963
-41.971541
-48.467323
-43.145013
-44.625168
-45.476633
-49.312087
-44.231502
-48.086087
-49.257827
-44.235954
-46.106847
-46.399981
-43.62895
-49.10183
-50.876091
-44.015731
-41.675409
-49.637085
-41.636232
-47.898696
-41.592233
-49.004131
-42.956452
-44.275232
-47.552519
-45.323592
-48.606372
-45.060023
-46.551727
-46.115514
-47.175226
-42.778143
-40.007661
-30.884546
-47.744176
-46.771338
-45.757324
-50.341836
-49.089521
-39.363454
-43.862257
-44.164255
-44.807584
-51.405661
-42.582056
-40.397295
-43.543207
-46.931886
-41.0062
-48.249761
-48.412222
-41.653801
-42.278345
-48.976182
-54.539741
-47.410721
-44.923257
-43.960749
-50.240744
-42.366758
-41.983734
-45.011037
-47.140955
-45.434186
-42.864726
-49.662718
-47.276182
-42.560823
-42.20883
-43.299119
-49.058096
-49.083526
-46.158072
-43.855611
-44.760129
-42.923947
-42.44666
-45.083473
-49.782582
-52.240801
-43.260741
-43.722215
-43.703777
-41.852931
-49.526513
-44.961093
-48.791603
-45.518381
-44.292657
-46.819853
-44.864977
-40.66024
-49.559026
-48.867266
-42.706192
-42.914116
-49.393237
-47.712566
-49.295393
-49.276722
-47.215896
-42.967856
-48.530354
-45.666847
-49.45646
-45.114018
-50.50022
-47.814488
-43.419794
-40.591049
-40.368219
-46.948963
-45.579282
-41.846477
-46.597192
-44.004898
-43.869119
-50.184002
-45.161124
-45.637942
-43.342148
-44.813603
-42.835063
-41.912432
-39.855571
-44.521392
-43.886814
-46.180153
-47.900894
-46.69543
-42.897542
-44.757525
-45.084696
-48.085687
-49.479373
-40.694293
-43.561434
-51.201636
-43.696462
-43.262547
-45.816405
-45.690411
-49.503733
-47.935107
-47.40837
-44.309465
-44.932441
-39.794388
-46.641123
-49.157725
-51.61034
-41.850602
-46.061837
-51.503661
-46.389709
-47.26079
-41.616382
-52.16742
-47.0753
-31.832248
-47.094433
-47.344143
-39.262747
-44.273678
-35.376974
-45.949518
-41.969412
-49.01101
-47.521268
-50.102078
-42.043294
-42.627812
-42.18865
-49.589811
-43.462714
-39.739372
-43.51982
-44.934785
-42.818839
-42.314879
-46.346538
-43.029958
-43.363964
-49.423203
-44.980718
-44.167935
-51.949036
-35.667083
-47.515546
-51.534976
-45.693934
-49.394786
-51.233403
-47.931341
-47.858434
-41.514048
-43.95397
-45.584869
-46.340627
-38.655664
-41.990275
-49.476569
-46.04404
-41.907483
-44.886979
-43.863187
-44.55057
-45.795908
-47.723922
-44.864029
-41.444753
-45.050174
-45.794925
-43.38342
-46.846403
-46.740821
-44.162878
-46.297634
-45.737696
-45.997516
-42.819607
-49.027235
-45.082949
-54.86047
-44.784675
-46.100518
-47.481465
-44.052087
-41.425668
-39.624774
-53.072016
-44.422746
-45.621287
-44.50014
-43.586758
-45.647194
-31.236478
-51.009745
-45.274228
-45.988686
-42.230755
-46.533433
-46.539394
-43.434501
-45.987884
-43.873925
-48.973943
-44.252181
-48.252676
-45.470957
-47.795804
-46.385851
-46.510322
-46.770357
-46.509572
-43.187997
-43.82813
-46.050205
-45.053912
-43.762381
-48.420708
-48.541314
-49.295363
-41.726379
-47.935114
-54.722359
-47.850943
-47.822932
-40.956787
-46.572752
-44.254561
-50.482156
-46.579052
-45.56262
-43.583429
-45.239856
-41.825366
-46.824059
-45.353141
-47.842621
-48.953195
-50.738413
-43.652177
-47.399545
-41.89457
-44.877688
-47.536399
-45.874791
-42.353198
-51.233667
-47.593785
-41.18348
-44.203141
-48.713107
-46.352654
-41.961265
-46.748277
-48.925713
-42.068029
-45.515826
-41.102674
-43.153584
-38.474689
-50.275078
-47.685608
-46.026238
-49.860805
-45.973722
-44.737139
-40.080254
-45.72263
-43.31113
-46.174292
-35.801605
-39.843473
-47.010679
-46.132892
-56.911442
-48.469263
-46.289564
-48.569109
-41.812751
-46.158484
-46.281754
-43.648224
-49.861753
-42.67108
-42.580166
-49.067422
-51.829194
-45.560781
-47.867097
-41.958382
-48.506261
-46.328059
-43.819512
-48.676082
-43.186982
-47.121272
-45.759236
-45.797389
-47.837185
-45.5582
-46.606789
-53.871741
-46.435895
-42.404084
-46.778273
-47.830008
-51.228668
-42.60826
-44.740575
-45.602713
-41.332061
-50.662019
-51.635387
-51.251272
-45.755114
-40.961918
-47.425735
-41.748949
-42.86012
-49.596424
-46.212599
-48.787189
-45.906408
-47.553202
-48.701316
-49.558188
-47.304837
-46.467403
-46.920868
-35.507964
-52.625319
-47.083791
-47.244262
-48.230244
-48.611366
-41.525691
-45.144354
-44.805711
-47.055724
-40.068452
-48.211897
-45.714281
-42.333467
-47.546649
-43.846051
-43.916764
-39.810517
-42.243521
-43.357468
-39.580718
-47.289731
-47.519131
-50.940569
-46.239938
-47.544511
-41.859243
-45.53873
-47.832939
-48.941388
-44.042342
-49.321923
-45.234288
-48.057636
-43.117831
-41.265629
-46.224035
-43.981347
-44.093588
-46.303675
-40.745318
-44.03503
-44.029779
-44.556636
-44.242293
-41.696036
-41.561741
-52.154485
-45.621478
-41.700853
-47.885837
-47.757845
-44.048502
-48.853891
-47.491395
-47.676692
-46.691942
-46.714531
-43.196702
-42.479076
-41.199786
-40.481982
-44.989132
-49.310965
-47.900026
-45.426929
-46.315093
-44.459784
-39.332027
-46.941528
-46.159879
-45.638292
-42.130468
-44.815327
-44.856321
-41.782753
-43.99601
-47.074988
-41.668777
-46.980569
-45.866972
-43.016414
-41.369265
-46.564899
-44.406785
-36.10311
-45.724888
-44.872068
-45.071511
-45.67143
-42.320304
-51.254932
-48.641007
-44.72362
-44.906896
-35.389227
-41.561527
-44.114013
-48.49132
-46.709713
-52.818672
-42.956793
-45.696826
-45.249925
-45.858068
-42.535734
-45.730473
-37.583702
-47.836761
-46.362756
-51.276391
-47.155523
-51.544975
-42.928411
-52.196305
-45.911288
-46.478271
-43.234678
-48.613708
-40.475435
-46.938078
-48.314282
-41.44382
-51.324932
-51.580199
-45.174077
-43.596969
-46.095123
-46.229907
-42.864177
-48.133712
-47.069199
-47.016365
-43.888049
-50.234817
-40.885618
-53.73991
-53.949244
-41.847933
-45.551612
-47.439053
-44.374148
-43.134448
-40.374601
-46.829749
-51.181325
-46.401995
-44.158237
-46.651296
-49.311066
-48.084016
-39.919619
-45.383211
-46.486181
-49.603099
-47.702426
-45.468689
-49.751179
-45.167469
-42.001789
-42.029196
-48.586449
-51.05179
-50.698691
-51.350431
-52.198217
-43.276348
-50.993363
-47.630059
-44.04393
-44.259809
-44.768763
-45.175537
-43.227631
-47.617803
-44.923026
-48.396303
-46.171382
-45.823573
-46.108863
-54.192524
-44.976506
-46.731508
-43.705411
-46.44522
-43.16254
-47.516681
-38.975238
-48.502561
-44.938001
-48.985505
-43.512967
-42.158388
-40.597221
-44.988133
-51.225054
-47.578812
-50.666638
-53.770801
-46.263173
-47.694607
-42.088199
-46.585176
-44.285877
-48.902717
-50.494215
-47.991173
-45.745649
-41.160081
-44.406846
-47.446448
-49.009107
-48.313433
-46.507286
-51.199905
-43.780735
-38.622662
-46.857389
-56.103809
-45.044538
-45.694387
-41.951621
-40.658754
-48.798868
-46.448348
-45.65262
-49.986783
-50.039011
-45.906691
-42.317457
-43.858461
-47.206072
-46.187115
-40.588527
-45.60092
-40.780613
-43.579357
-47.074365
-45.362317
-49.474089
-41.518233
-47.144643
-43.639027
-50.068341
-43.05743
-43.433473
-43.001885
-45.289779
-46.984714
-45.883157
-45.53454
-44.986244
-45.604355
-43.789697
-44.466122
-43.656593
-48.542515
-46.778594
-46.003525
-49.700018
-42.933772
-47.131043
-51.060276
-56.625618
-42.883839
-48.017451
-45.302336
-40.542635
-47.575686
-46.074351
-46.286691
-43.557066
-42.571563
-41.712741
-46.406483
-41.543164
-46.994201
-44.700501
-43.532982
-44.598659
-45.028284
-49.669085
-47.770224
-38.047851
-46.832611
-48.692532
-45.22422
-45.377041
-47.502388
-46.627149
-46.488265
-48.99447
-44.954941
-45.106829
-54.147265
-41.833439
-48.323656
-43.914804
-48.075441
-45.762474
-46.321397
-46.297216
-46.076831
-56.257992
-43.084559
-43.254745
-47.670251
-45.936594
-45.502345
-40.669138
-48.401282
-47.933389
-47.855306
-44.542274
-46.286191
-56.880034
-45.556554
-42.506607
-43.80083
-38.539547
-41.86118
-47.73279
-52.679543
-48.14324
-45.301239
-40.923686
-42.682711
-45.697581
-48.422791
-48.596385
-42.04633
-44.507783
-51.970955
-48.338687
-46.487844
-39.091902
-46.531021
-49.303436
-44.057464
-42.393554
-44.9014
-41.808851
-44.982347
-44.869589
-45.016753
-45.227868
-50.204367
-45.863899
-45.236995
-46.524753
-42.894678
-53.075554
-47.951784
-43.771905
-48.444869
-46.387889
-46.711894
-41.303504
-42.666238
-42.498247
-46.800159
-41.201694
-43.036513
-43.404519
-45.648241
-41.840363
-43.300707
-46.826521
-41.573568
-45.561977
-44.857201
-48.974377
-43.194153
-46.611096
-41.292931
-43.329207
-46.239273
-39.928764
-43.151882
-48.884864
-46.245926
-43.159821
-46.741993
-45.366064
-44.16222
-42.704844
-45.282714
-47.046019
-45.786998
-44.561893
-44.315001
-32.795362
-46.235044
-45.526757
-47.295031
-49.980327
-43.69483
-44.927148
-40.673837
-43.029573
-43.804729
-44.866763
-51.879685
-47.268136
-44.753349
-44.835512
-45.917475
-49.955063
-46.653322
-41.328954
-47.594078
-59.583229
-42.362189
-49.102958
-44.200163
-42.190608
-43.999491
-47.093243
-45.905059
-45.987625
-45.972907
-50.157247
-46.410057
-48.942928
-51.47522
-39.29367
-44.131985
-46.816559
-48.657909
-45.274488
-46.474235
-41.479867
-51.086117
-48.226493
-50.521158
-42.330489
-47.66772
-45.160946
-42.663248
-44.341563
-44.857193
-46.223992
-49.114713
-42.76788
-50.599602
-46.884989
-47.739273
-47.838349
-47.585607
-43.618815
-47.134334
-50.673588
-47.899181
-44.152313
-43.479135
-40.087437
-45.494325
-50.108597
-52.139093
-41.728895
-47.193057
-49.611946
-45.204094
-44.013381
-49.830349
-41.127931
-46.206896
-44.977745
-48.023376
-47.114646
-48.805115
-45.774212
-46.028694
-48.883014
-35.63817
-43.314837
-50.06321
-42.393156
-42.567459
-45.731674
-40.880605
-44.474884
-45.911402
-41.34454
-46.240811
-45.029024
-43.888708
-48.825415
-43.024664
-44.790183
-44.953719
-47.199721
-44.662726
-48.354038
-43.440374
-48.481547
-41.602276
-46.39312
-42.914164
-51.40038
-47.051988
-49.223185
-44.364682
-44.754236
-41.753441
-47.802257
-46.43277
-47.77779
-38.890585
-43.449328
-37.642038
-45.677224
-43.416979
-36.553073
-44.190602
-44.283598
-45.51837
-46.105609
-45.157687
-42.200949
-49.11466
-45.587887
-45.978188
-44.41183
-39.832837
-43.416496
-45.48719
-44.945842
-47.90738
-45.263788
-51.167128
-44.947142
-43.127627
-47.085002
-47.463238
-42.182964
-50.259588
-41.686106
-41.363715
-41.48213
-45.35844
-45.581757
-43.763539
-41.618024
-49.006714
-45.539849
-42.664453
-48.426839
-44.840373
-42.87828
-44.128257
-44.280901
-46.274823
-54.18606
-42.600549
-47.672423
-41.536459
-42.987604
-43.840022
-45.170463
-35.807637
-45.672123
-54.825832
-38.523749
-41.532244
-47.118947
-44.287532
-49.567842
-48.166764
-47.596738
-43.045747
-41.483053
-45.46748
-53.654973
-47.554193
-49.237867
-44.147035
-48.103031
-47.575278
-50.693901
-42.710669
-40.153187
-45.072296
-50.249685
-48.815639
-47.367221
-43.852073
-48.487429
-43.187357
-49.032304
-50.309226
-43.549691
-41.30075
-48.647598
-45.749302
-43.091169
-48.970042
-50.092811
-45.832488
-48.777037
-42.590731
-43.392509
-50.536963
-51.85131
-41.908104
-40.466317
-48.881972
-40.675355
-39.952039
-39.588141
-47.514323
-45.978935
-47.507915
-49.366464
-49.377374
-45.428267
-46.934797
-46.636164
-50.978962
-46.514003
-45.190816
-42.284078
-47.346176
-42.569335
-46.991453
-46.127266
-43.944268
-49.46529
-43.099093
-48.362926
-45.139625
-43.644402
-44.686493
-52.168362
-35.193287
-43.099491
-43.835539
-48.487711
-46.981209
-47.936884
-50.497038
-46.559066
-47.203362
-45.015972
-42.127728
-48.185514
-44.788894
-43.267414
-48.88501
-40.635374
-42.810882
-51.20441
-39.008975
-50.370783
-41.871665
-40.130563
-46.190802
-40.507172
-43.258262
-45.270509
-46.315564
-43.933595
-45.463633
-44.577772
-44.840181
-44.491435
-43.383014
-45.893904
-47.936372
-48.782444
-49.457326
-48.838169
-44.497281
-44.782349
-46.424397
-46.839506
-41.413268
-41.914309
-42.868596
-43.938823
-47.044905
-46.728626
-42.612304
-47.502388
-52.41281
-45.59369
-42.231204
-45.726736
-44.826562
-41.396929
-40.317091
-54.177371
-45.114398
-48.038922
-41.67899
-51.582857
-44.743992
-56.067307
-37.733725
-49.12675
-46.054578
-47.443001
-42.965051
-42.005013
-49.021149
-48.015022
-42.709124
-47.038237
-47.886555
-44.249629
-43.991269
-46.359821
-42.901055
-45.652709
-41.05011
-41.039512
-51.162537
-46.953854
-45.847172
-43.234828
-50.076283
-49.318072
-45.423768
-44.703035
-45.277395
-43.002631
-44.967822
-41.633776
-47.794254
-48.486588
-49.349963
-46.282795
-43.473103
-50.366292
-43.744596
-45.026079
-52.290535
-45.59241
-45.453835
-36.446425
-48.054517
-51.364993
-42.783499
-41.528849
-45.288604
-43.582467
-47.23828
-45.242866
-44.631658
-42.334723
-41.690752
-49.316087
-50.159695
-41.759187
-49.679764
-48.880828
-43.603454
-45.801524
-47.14801
-42.724435
-46.759074
-48.003334
-50.754414
-43.768242
-51.014101
-43.790608
-46.516194
-41.957988
-47.054071
-47.5073
-46.878223
-45.856705
-48.113622
-43.977675
-51.46085
-46.038898
-45.070797
-46.120167
-44.894093
-49.555284
-47.218931
-43.009647
-48.923835
-46.603826
-51.981028
-47.236079
-44.34469
-51.520338
-43.945708
-45.397923
-44.193102
-49.979974
-45.177589
-44.657566
-40.450113
-42.163217
-49.522219
-47.553973
-44.802296
-41.707393
-45.768567
-48.961822
-47.080231
-43.403102
-46.119414
-47.347257
-43.98996
-50.297774
-44.594413
-42.473505
-42.563749
-59.835545
-38.479889
-43.006627
-45.831095
-46.03212
-45.476165
-50.39654
-44.01071
-47.427834
-47.212916
-48.839704
-42.088262
-48.030476
-49.722278
-41.974186
-44.096039
-46.013008
-43.425002
-41.607541
-47.617903
-43.730294
-43.993882
-45.007841
-42.380888
-43.584017
-49.36991
-44.797826
-49.127809
-47.362043
-43.077975
-46.357817
-40.89614
-45.464667
-47.881853
-46.406708
-38.03434
-37.988149
-55.919684
-42.683926
-41.975733
-43.705984
-43.217718
-42.464903
-49.088889
-43.408937
-43.484721
-40.773509
-48.456861
-40.711736
-48.406783
-48.236834
-45.609681
-46.496607
-45.0578
-46.131653
-45.866068
-46.463796
-45.90186
-46.872558
-44.476155
-45.868465
-51.247954
-45.897086
-42.662074
-47.809476
-44.415325
-51.01436
-43.786446
-45.732657
-45.462784
-48.585639
-42.03343
-44.295618
-44.85556
-46.381328
-40.65068
-44.107405
-42.628057
-44.831329
-45.38925
-48.822202
-47.656382
-50.171541
-45.015787
-55.533762
-44.07194
-52.275099
-45.707915
-46.141524
-47.022513
-44.342941
-43.486008
-53.206615
-48.242594
-44.511081
-46.71238
-41.772624
-47.056354
-42.545769
-47.782475
-49.498886
-46.326399
-39.012231
-45.168726
-43.407076
-55.107653
-43.079687
-38.304192
-45.389481
-44.048283
-44.847911
-41.678239
-45.612422
-44.085853
-41.099015
-47.550589
-42.109095
-48.314031
-46.766021
-43.479096
-48.554401
-40.833479
-44.195622
-43.876725
-52.656002
-47.214469
-42.929259
-45.240728
-54.492675
-40.60115
-43.756964
-45.885308
-47.611174
-42.014467
-47.529166
-53.699445
-46.614699
-40.031105
-41.501184
-43.320917
-47.641685
-44.682123
-41.427765
-42.279453
-41.993038
-44.870246
-40.474798
-44.231229
-51.599224
-42.231307
-52.215278
-47.90741
-39.940435
-45.324031
-44.813552
-48.132673
-41.873045
-42.372612
-41.84363
-41.658802
-48.488772
-45.522339
-49.011446
-45.066343
-49.509891
-43.963243
-39.485915
-46.864378
-48.073294
-50.528284
-44.250272
-47.0621
-38.628621
-40.193503
-44.252099
-47.294821
-42.817703
-46.509903
-42.471618
-44.846286
-47.57123
-47.6295
-52.434203
-43.128385
-46.689831
-42.90043
-48.950416
-42.452184
-38.119183
-46.093693
-45.855238
-43.12403
-42.47722
-48.91942
-42.149038
-49.723798
-47.878536
-49.419689
-47.43755
-48.197027
-45.415218
-44.022082
-49.163402
-54.186881
-45.879088
-48.071747
-51.22525
-45.959803
-46.193991
-42.606425
-49.030883
-48.151278
-43.13691
-40.047147
-45.85585
-43.136872
-47.538582
-46.358167
-46.458026
-50.765908
-47.883303
-42.873362
-50.200973
-47.441746
-48.128583
-42.779938
-50.190268
-48.285097
-47.101979
-45.289552
-41.202271
-49.073607
-41.402127
-45.509409
-45.127291
-41.35302
-39.811471
-44.951309
-42.063836
-43.632299
-47.582683
-49.985512
-46.047574
-46.588545
-44.273757
-49.189682
-42.181063
-52.606748
-41.868664
-46.424249
-47.778138
-49.26647
-44.211686
-45.871777
-46.994162
-41.902604
-42.95413
-45.211678
-42.211968
-48.429379
-49.404638
-40.446876
-44.346645
-39.128127
-49.040601
-43.594176
-45.910264
-40.667586
-47.129971
-47.337402
-49.34987
-46.904319
-43.881096
-44.694266
-43.994229
-51.736577
-40.053336
-42.064862
-48.180697
-44.959983
-46.578305
-48.645921
-47.185555
-45.826068
-40.791162
-41.850127
-41.723975
-46.971327
-49.159382
-41.379298
-48.461863
-53.122197
-41.193536
-43.852799
-42.573779
-41.316899
-43.425867
-53.280582
-46.588316
-45.564598
-44.152034
-46.442553
-43.50759
-48.031124
-47.270089
-52.202795
-45.084849
-42.589284
-43.748923
-49.308192
-47.499546
-51.765533
-45.647319
-49.946669
-51.804217
-37.551382
-43.682879
-50.594634
-48.201606
-47.541184
-44.580888
-47.182483
-46.902442
-47.51441
-42.655196
-42.528114
-44.529933
-40.343045
-45.631267
-45.694132
-43.243368
-41.47579
-38.249037
-45.305942
-48.290986
-51.474918
-42.806468
-44.178004
-47.174388
-49.187149
-38.556526
-42.888312
-46.578849
-46.673304
-47.974887
-46.823712
-45.210188
-45.857735
-45.625384
-49.297459
-43.521039
-47.280005
-41.536102
-45.614889
-41.474161
-40.267717
-41.923304
-42.158222
-46.572855
-45.328306
-42.065983
-40.926045
-43.147067
-41.661756
-45.428674
-44.085366
-41.929493
-53.477268
-49.546925
-49.935571
-42.06687
-42.896072
-49.200268
-43.828552
-46.954523
-42.87427
-42.85175
-43.194271
-48.578098
-41.643473
-43.763028
-47.827346
-44.070033
-45.241882
-35.812005
-47.620192
-50.60223
-38.087407
-46.90999
-48.209915
-43.893424
-46.907174
-45.511778
-45.175275
-48.102178
-46.966575
-45.263597
-43.361908
-45.454
-43.597182
-45.510746
-47.790366
-49.451404
-45.409609
-43.616559
-46.976246
-57.296274
-47.416753
-45.840719
-43.92177
-47.034752
-46.457172
-49.057838
-45.165243
-44.038248
-46.911475
-40.896241
-43.311331
-40.934225
-48.708803
-52.547748
-45.197002
-47.771291
-46.293541
-45.893644
-44.357534
-45.771341
-47.268499
-44.517883
-46.732036
-42.676107
-43.870456
-49.4964
-44.670955
-50.228267
-55.716837
-49.602231
-45.212532
-48.858683
-37.223263
-46.899529
-48.089387
-39.128174
-48.378992
-44.759831
-43.264011
-45.46474
-43.029958
-43.733149
-45.344466
-52.031626
-47.051977
-48.779142
-46.352529
-49.373975
-46.799893
-50.094058
-41.668768
-41.287201
-47.591012
-47.555275
-47.225132
-47.746648
-46.265319
-41.304118
-43.967651
-44.950659
-41.542861
-49.893233
-49.949362
-51.579513
-50.130017
-49.817375
-47.958188
-44.455618
-43.058297
-39.312263
-46.20039
-46.575834
-49.360271
-45.650013
-49.887301
-51.585745
-46.816694
-40.245838
-44.557218
-51.198245
-46.099973
-50.164305
-43.250927
-42.048251
-45.07538
-49.135477
-42.605647
-50.783432
-46.709648

